494 1080
9 7 
1 5 
8 10 
7 10 
3 10 
4 4 
8 9 
1 9 
4 6 
5 4 
8 5 
1 5 
3 7 
5 7 
4 2 
6 9 
3 7 
2 8 
10 2 
8 9 
2 9 
3 4 
5 8 
4 3 
7 3 
9 10 
1 9 
5 6 
7 4 
2 4 
2 2 
2 2 
4 9 
2 9 
1 8 
10 8 
1 5 
8 9 
5 4 
2 4 
8 10 
4 2 
4 9 
4 10 
7 8 
8 3 
3 8 
8 4 
8 4 
7 3 
2 9 
6 4 
9 3 
8 3 
3 5 
8 2 
4 2 
1 7 
1 9 
1 9 
8 7 
7 10 
10 2 
5 3 
1 6 
10 5 
8 6 
10 7 
7 4 
7 2 
9 9 
4 7 
10 2 
3 2 
5 2 
4 5 
10 4 
9 6 
2 10 
9 3 
4 10 
1 10 
2 10 
9 4 
3 9 
9 2 
8 7 
9 9 
4 9 
6 10 
4 9 
8 3 
5 5 
6 8 
4 2 
4 7 
2 10 
5 3 
5 9 
8 2 
6 9 
3 2 
8 8 
4 5 
1 2 
9 7 
7 3 
1 6 
10 5 
4 8 
3 2 
8 8 
5 8 
4 9 
4 8 
5 8 
6 7 
2 3 
10 7 
9 9 
2 2 
6 10 
4 10 
3 9 
8 3 
1 8 
1 3 
9 10 
5 2 
1 6 
6 4 
4 10 
8 10 
2 10 
5 8 
4 5 
2 3 
9 6 
1 5 
2 2 
3 5 
2 6 
5 9 
7 5 
9 10 
6 5 
3 4 
3 6 
8 6 
8 5 
7 5 
1 8 
2 5 
10 8 
5 4 
6 7 
1 7 
7 7 
2 4 
4 5 
1 5 
9 2 
4 6 
10 9 
5 3 
10 4 
7 8 
8 6 
3 5 
3 2 
3 6 
4 8 
9 3 
8 3 
9 4 
4 3 
2 3 
1 4 
7 5 
6 8 
10 2 
4 10 
5 4 
6 3 
4 4 
1 2 
5 8 
6 9 
2 2 
7 4 
3 4 
2 7 
6 3 
2 6 
8 6 
9 9 
6 3 
4 10 
2 4 
5 8 
4 10 
2 5 
9 4 
7 6 
4 4 
8 10 
5 2 
4 5 
5 5 
3 3 
8 3 
7 2 
10 9 
8 7 
10 2 
7 4 
4 2 
1 4 
6 4 
6 8 
6 4 
7 4 
2 10 
9 2 
4 4 
3 7 
8 8 
10 8 
5 5 
4 10 
2 3 
6 6 
8 3 
1 8 
8 6 
5 3 
3 7 
2 3 
7 8 
4 9 
10 6 
4 10 
4 9 
8 10 
10 4 
6 6 
1 5 
8 4 
3 7 
8 3 
4 2 
4 9 
2 8 
9 4 
9 2 
3 7 
5 10 
4 2 
8 8 
7 5 
5 3 
2 9 
6 6 
7 7 
8 7 
10 6 
7 9 
7 7 
8 4 
3 5 
10 9 
8 7 
9 4 
5 10 
9 7 
7 3 
1 6 
9 8 
10 9 
5 5 
10 5 
5 9 
4 5 
2 9 
5 2 
2 8 
1 4 
4 4 
5 8 
7 7 
9 2 
8 2 
9 8 
9 10 
3 9 
10 7 
8 7 
5 6 
4 8 
2 8 
3 3 
1 8 
1 3 
5 8 
5 2 
4 10 
9 5 
4 8 
2 5 
4 3 
10 7 
6 6 
1 8 
2 9 
2 5 
8 8 
3 2 
3 5 
7 4 
10 4 
6 2 
4 4 
1 4 
7 10 
7 2 
4 8 
1 7 
4 10 
6 3 
10 7 
5 7 
8 4 
5 8 
8 5 
6 10 
7 9 
9 5 
2 7 
9 5 
6 8 
3 10 
7 9 
3 6 
10 5 
7 5 
4 4 
1 5 
3 8 
8 9 
2 6 
4 3 
7 6 
9 9 
6 9 
7 9 
5 3 
7 2 
9 4 
2 7 
9 4 
9 5 
8 8 
1 2 
9 6 
7 9 
8 6 
8 5 
2 3 
5 10 
10 7 
7 8 
6 8 
7 7 
8 5 
1 6 
10 2 
7 7 
6 6 
8 6 
8 3 
3 7 
1 4 
10 3 
6 10 
1 10 
10 3 
8 5 
5 9 
6 3 
3 10 
3 7 
4 5 
10 10 
4 10 
5 7 
8 7 
1 7 
9 5 
3 2 
5 9 
2 9 
4 4 
3 8 
8 4 
1 8 
6 3 
6 9 
8 8 
5 3 
4 5 
7 2 
5 4 
10 9 
5 8 
3 9 
3 5 
4 7 
4 3 
1 7 
4 7 
3 6 
8 7 
7 5 
8 10 
7 3 
10 10 
9 7 
8 6 
3 8 
7 2 
9 2 
3 8 
6 5 
8 8 
8 4 
4 3 
7 4 
5 8 
6 5 
7 8 
3 4 
6 3 
2 7 
9 7 
8 10 
7 2 
2 4 
1 6 
6 2 
4 5 
5 10 
8 6 
4 9 
2 5 
8 2 
1 2 
6 9 
9 5 
7 9 
9 10 
6 6 
1 5 
1 8 
8 5 
7 6 
1 3 
5 10 
1 6 
5 3 
7 8 
1 9 
7 10 
7 5 
7 8 
9 7 
5 9 
2 4 
3 4 
7 10 
1 10 
8 10 
7 4 
3 7 
7 7 
7 9 
1 5 
10 6 
3 9 
2 7 
7 6 
8 5 
9 7 
5 10 
1 9 
 1  1  3
 16  1  5
 46  1  1
 267  1  1
 2  2  4
 4  2  2
 3  3  2
 52  3  5
 186  3  4
 4  4  6
 8  4  2
 120  4  3
 158  4  4
 429  4  1
 432  4  4
 5  5  4
 115  5  4
 6  6  1
 150  6  1
 433  6  1
 7  7  4
 18  7  2
 165  7  4
 367  7  6
 426  7  1
 8  8  4
 9  9  4
 422  9  3
 10  10  2
 205  10  2
 277  10  1
 11  11  4
 412  11  2
 436  11  1
 12  12  2
 13  12  1
 14  12  3
 16  12  1
 13  13  3
 14  14  6
 15  15  1
 16  15  1
 16  16  2
 17  16  5
 19  16  4
 57  16  3
 17  17  2
 20  17  2
 21  17  3
 281  17  5
 334  17  2
 18  18  4
 19  19  1
 20  20  4
 21  21  4
 22  22  1
 23  22  2
 140  22  2
 23  23  4
 140  23  6
 155  23  1
 197  23  2
 24  24  1
 25  24  1
 25  25  2
 157  25  1
 170  25  2
 26  26  4
 99  26  3
 425  26  4
 27  27  2
 28  27  2
 28  28  2
 85  28  4
 173  28  3
 29  29  2
 307  29  1
 316  29  2
 30  30  3
 31  30  2
 31  31  1
 182  31  1
 186  31  1
 32  32  1
 376  32  1
 444  32  1
 33  33  5
 34  33  5
 239  33  6
 34  34  3
 35  35  1
 222  35  3
 36  36  2
 325  36  2
 419  36  5
 37  37  2
 147  37  4
 262  37  2
 38  38  1
 39  38  5
 398  38  6
 39  39  1
 40  39  2
 281  39  3
 40  40  3
 417  40  3
 41  41  1
 47  41  3
 328  41  1
 413  41  5
 42  42  1
 172  42  1
 328  42  1
 43  43  4
 175  43  2
 44  44  6
 102  44  6
 286  44  1
 45  45  4
 174  45  2
 203  45  2
 264  45  5
 285  45  6
 46  46  1
 253  46  2
 47  47  2
 153  47  5
 285  47  6
 48  48  2
 205  48  1
 271  48  3
 283  48  2
 306  48  1
 49  49  2
 50  49  3
 114  49  3
 455  49  3
 50  50  2
 238  50  2
 331  50  2
 442  50  1
 51  51  1
 82  51  6
 409  51  3
 52  52  3
 397  52  3
 53  53  2
 271  53  2
 310  53  2
 54  54  1
 162  54  2
 406  54  1
 55  55  2
 269  55  4
 363  55  2
 56  56  1
 124  56  1
 224  56  1
 57  57  1
 84  57  1
 58  58  4
 59  58  2
 60  58  2
 59  59  2
 347  59  4
 377  59  3
 60  60  5
 61  61  5
 332  61  5
 418  61  4
 62  62  3
 438  62  2
 63  63  1
 64  63  1
 89  63  1
 190  63  1
 394  63  1
 64  64  1
 65  65  1
 66  65  1
 428  65  5
 436  65  3
 66  66  2
 67  67  3
 69  67  5
 70  67  3
 71  67  3
 68  68  4
 70  68  3
 72  68  1
 73  68  2
 214  68  6
 69  69  1
 70  70  1
 71  70  1
 72  70  1
 142  70  1
 311  70  1
 320  70  1
 71  71  2
 74  71  5
 75  71  2
 76  71  1
 91  71  3
 353  71  1
 72  72  3
 212  72  5
 213  72  3
 440  72  4
 464  72  3
 73  73  1
 74  74  1
 75  75  1
 76  76  1
 77  77  3
 78  77  1
 187  77  1
 264  77  2
 78  78  1
 123  78  4
 265  78  1
 79  79  3
 80  79  5
 214  79  4
 421  79  3
 80  80  1
 147  80  1
 252  80  1
 355  80  1
 393  80  1
 437  80  2
 81  81  1
 396  81  6
 457  81  6
 82  82  2
 287  82  2
 83  83  1
 387  83  2
 423  83  3
 84  84  3
 173  84  2
 85  85  4
 88  85  2
 116  85  3
 275  85  1
 454  85  2
 86  86  1
 88  86  1
 87  87  3
 88  87  4
 236  87  3
 88  88  3
 89  89  2
 326  89  5
 90  90  5
 91  90  4
 386  90  3
 91  91  4
 93  91  6
 94  91  4
 95  91  6
 371  91  2
 92  92  2
 95  92  1
 387  92  1
 93  93  3
 94  94  1
 95  95  1
 96  95  1
 96  96  2
 97  97  5
 326  97  1
 422  97  4
 98  98  1
 150  98  1
 156  98  2
 99  99  2
 224  99  1
 100  100  1
 158  100  1
 220  100  1
 391  100  1
 101  101  3
 102  101  4
 102  102  1
 178  102  1
 233  102  1
 286  102  1
 103  103  1
 306  103  6
 429  103  5
 104  104  3
 105  104  4
 191  104  3
 257  104  4
 263  104  1
 105  105  1
 106  106  3
 255  106  5
 107  107  1
 246  107  1
 334  107  1
 108  108  2
 191  108  5
 380  108  3
 109  109  2
 112  109  3
 110  110  5
 112  110  1
 111  111  1
 112  111  1
 112  112  6
 123  112  5
 179  112  1
 298  112  4
 113  113  1
 263  113  1
 337  113  1
 378  113  3
 416  113  6
 114  114  5
 115  114  4
 285  114  3
 115  115  3
 354  115  6
 116  116  4
 117  116  4
 117  117  3
 119  117  3
 118  118  1
 124  118  2
 346  118  2
 119  119  4
 346  119  6
 120  120  3
 429  120  6
 121  121  1
 123  121  1
 122  122  2
 123  122  4
 187  122  4
 264  122  5
 297  122  2
 123  123  5
 179  123  1
 265  123  4
 124  124  5
 125  125  1
 126  125  1
 126  126  5
 385  126  5
 127  127  1
 129  127  1
 226  127  2
 128  128  3
 225  128  3
 438  128  4
 129  129  1
 130  130  5
 141  130  3
 131  131  2
 141  131  3
 132  132  4
 141  132  4
 133  133  1
 142  133  5
 134  134  4
 143  134  1
 135  135  5
 140  135  6
 136  136  2
 141  136  3
 142  136  1
 144  136  4
 137  137  1
 141  137  1
 142  137  2
 145  137  1
 138  138  2
 199  138  3
 340  138  2
 139  139  1
 147  139  4
 140  140  1
 141  141  2
 142  142  1
 143  142  1
 473  142  2
 478  142  5
 487  142  4
 143  143  4
 242  143  4
 144  144  2
 145  145  1
 146  146  2
 183  146  1
 245  146  3
 339  146  3
 147  147  2
 148  148  3
 434  148  2
 443  148  1
 149  149  5
 150  149  2
 217  149  4
 150  150  2
 397  150  1
 151  151  4
 153  151  4
 154  151  4
 155  151  1
 152  152  2
 153  152  2
 154  152  1
 155  152  1
 153  153  3
 203  153  3
 154  154  1
 155  155  1
 241  155  3
 156  156  1
 157  156  6
 157  157  3
 158  158  4
 159  159  1
 160  159  2
 183  159  2
 248  159  2
 388  159  2
 392  159  1
 160  160  2
 369  160  3
 399  160  4
 161  161  3
 410  161  3
 162  162  1
 355  162  1
 163  163  2
 167  163  2
 246  163  1
 164  164  4
 167  164  4
 231  164  4
 417  164  5
 470  164  2
 165  165  2
 166  166  3
 341  166  1
 423  166  2
 167  167  3
 168  168  5
 169  168  3
 169  169  1
 344  169  1
 400  169  4
 170  170  1
 325  170  1
 171  171  4
 172  171  1
 172  172  4
 173  173  1
 202  173  2
 174  174  2
 175  174  1
 285  174  2
 175  175  1
 176  176  1
 464  176  1
 177  177  1
 226  177  2
 178  178  3
 340  178  2
 179  179  3
 180  180  5
 181  180  1
 181  181  1
 233  181  1
 182  182  6
 183  183  3
 184  183  1
 185  183  1
 248  183  3
 184  184  1
 185  185  2
 186  186  1
 187  187  6
 188  188  1
 198  188  5
 212  188  5
 189  189  1
 190  189  1
 190  190  1
 401  190  3
 191  191  1
 192  191  1
 195  191  1
 196  191  1
 374  191  3
 380  191  1
 416  191  3
 192  192  5
 193  192  1
 194  192  4
 193  193  1
 194  194  5
 195  195  5
 196  196  1
 197  197  1
 465  197  1
 198  198  1
 201  198  4
 199  199  1
 364  199  2
 200  200  4
 280  200  2
 201  201  2
 202  202  2
 247  202  4
 203  203  1
 297  203  1
 204  204  4
 205  204  2
 206  204  1
 207  204  3
 205  205  2
 208  205  2
 283  205  3
 357  205  2
 369  205  1
 206  206  1
 207  207  1
 278  207  1
 208  208  4
 209  208  3
 209  209  1
 210  210  1
 211  210  1
 211  211  2
 457  211  2
 465  211  1
 212  212  1
 213  213  6
 444  213  3
 214  214  4
 215  215  1
 390  215  1
 440  215  1
 216  216  2
 217  216  2
 218  216  1
 219  216  1
 217  217  1
 277  217  1
 286  217  1
 429  217  1
 218  218  3
 219  219  1
 235  219  3
 220  220  6
 271  220  4
 449  220  6
 221  221  1
 367  221  1
 464  221  3
 222  222  2
 240  222  1
 436  222  2
 223  223  5
 345  223  1
 398  223  6
 407  223  3
 224  224  1
 377  224  1
 454  224  1
 225  225  2
 226  225  1
 282  225  2
 377  225  2
 226  226  4
 227  227  4
 228  227  1
 228  228  3
 420  228  2
 229  229  3
 230  229  1
 230  230  3
 315  230  5
 436  230  6
 231  231  1
 386  231  1
 473  231  1
 232  232  4
 233  232  1
 234  232  5
 235  232  1
 233  233  2
 234  234  6
 235  235  2
 236  236  1
 301  236  2
 399  236  1
 237  237  6
 300  237  6
 308  237  6
 238  238  1
 294  238  2
 239  239  1
 322  239  4
 240  240  4
 422  240  1
 241  241  2
 329  241  1
 242  242  6
 258  242  3
 431  242  5
 480  242  1
 243  243  2
 244  243  5
 309  243  1
 244  244  2
 245  245  2
 300  245  1
 246  246  4
 247  247  3
 333  247  1
 248  248  2
 249  248  3
 249  249  6
 250  249  4
 251  249  4
 250  250  2
 251  251  1
 252  252  6
 363  252  5
 253  253  1
 256  253  1
 254  254  3
 256  254  1
 255  255  1
 256  255  1
 385  255  1
 256  256  2
 257  257  6
 266  257  5
 336  257  4
 402  257  2
 427  257  5
 258  258  1
 259  258  1
 260  258  1
 261  258  1
 431  258  1
 466  258  1
 259  259  5
 260  260  3
 261  261  2
 262  262  1
 443  262  4
 263  263  2
 336  263  4
 378  263  5
 264  264  2
 265  264  5
 265  265  4
 266  266  3
 267  267  1
 407  267  1
 268  268  2
 269  268  1
 269  269  3
 422  269  2
 270  270  2
 372  270  4
 404  270  3
 271  271  1
 272  271  1
 310  271  5
 377  271  3
 272  272  2
 273  272  6
 274  272  4
 273  273  2
 274  274  6
 275  275  6
 345  275  6
 375  275  2
 407  275  1
 276  276  1
 315  276  2
 394  276  2
 277  277  3
 432  277  3
 278  278  2
 279  278  6
 431  278  6
 479  278  1
 279  279  4
 280  280  2
 281  280  3
 281  281  3
 282  282  6
 283  283  1
 284  284  4
 285  284  1
 287  284  6
 288  284  2
 285  285  1
 289  285  1
 290  285  1
 286  286  1
 289  286  4
 290  286  5
 287  287  1
 288  288  1
 289  289  6
 291  289  5
 290  290  4
 292  290  5
 291  291  1
 292  292  1
 293  293  3
 294  293  4
 294  294  2
 419  294  1
 295  295  4
 447  295  6
 296  296  3
 297  296  4
 298  296  4
 299  296  3
 297  297  4
 456  297  6
 298  298  1
 299  299  5
 300  300  3
 372  300  1
 301  301  2
 302  301  1
 304  301  1
 306  301  1
 310  301  1
 323  301  2
 429  301  2
 302  302  1
 303  302  1
 493  302  2
 303  303  2
 304  304  1
 305  304  5
 494  304  5
 305  305  1
 306  306  3
 310  306  4
 307  307  1
 434  307  4
 308  308  3
 373  308  2
 309  309  2
 409  309  3
 310  310  2
 317  310  1
 318  310  2
 319  310  2
 391  310  1
 311  311  5
 317  311  1
 318  311  3
 319  311  3
 320  311  3
 312  312  5
 317  312  2
 313  313  3
 318  313  4
 314  314  1
 319  314  1
 315  315  1
 316  316  2
 428  316  4
 317  317  1
 318  318  3
 319  319  3
 320  320  2
 321  320  1
 321  321  1
 401  321  1
 322  322  2
 323  322  3
 323  323  2
 340  323  2
 435  323  1
 324  324  1
 325  324  6
 325  325  1
 326  326  6
 327  327  6
 328  327  2
 328  328  1
 329  329  1
 396  329  2
 330  330  2
 331  330  3
 331  331  4
 332  332  1
 335  332  2
 333  333  3
 392  333  6
 334  334  4
 335  335  3
 434  335  5
 336  336  2
 337  337  4
 343  337  1
 338  338  4
 394  338  3
 339  339  2
 342  339  1
 340  340  5
 341  341  3
 423  341  4
 342  342  1
 343  343  2
 416  343  3
 344  344  2
 345  345  2
 348  345  2
 350  345  2
 352  345  1
 353  345  1
 346  346  2
 347  346  1
 349  346  1
 351  346  1
 353  346  2
 375  346  1
 347  347  4
 348  348  4
 349  349  6
 350  350  3
 351  351  1
 352  352  4
 395  352  5
 353  353  4
 403  353  6
 354  354  3
 420  354  2
 355  355  4
 356  356  2
 385  356  1
 357  357  1
 358  357  1
 359  357  1
 361  357  1
 399  357  1
 358  358  3
 360  358  1
 362  358  1
 359  359  1
 360  360  1
 361  361  1
 362  362  5
 363  363  1
 364  364  5
 365  365  5
 438  365  5
 366  366  5
 367  366  5
 367  367  4
 376  367  1
 426  367  2
 368  368  2
 369  368  2
 370  368  2
 371  368  1
 369  369  6
 372  369  2
 373  369  5
 370  370  5
 371  371  1
 372  372  3
 373  373  6
 392  373  1
 374  374  3
 408  374  1
 375  375  1
 376  376  1
 377  377  2
 395  377  6
 378  378  3
 379  379  4
 380  379  1
 381  379  4
 383  379  3
 380  380  1
 384  380  1
 381  381  4
 417  381  4
 430  381  5
 382  382  3
 384  382  1
 383  383  1
 384  384  2
 385  385  2
 386  386  2
 387  387  2
 388  388  2
 389  388  6
 389  389  2
 390  390  4
 439  390  5
 391  391  6
 392  392  4
 404  392  3
 393  393  6
 439  393  5
 394  394  6
 395  395  3
 396  396  6
 457  396  2
 465  396  1
 397  397  6
 398  398  3
 399  399  1
 400  400  3
 442  400  2
 401  401  4
 402  402  2
 403  402  1
 403  403  1
 404  404  3
 405  405  2
 406  405  4
 406  406  1
 407  407  5
 408  408  4
 427  408  5
 409  409  1
 410  410  3
 418  410  2
 411  411  1
 412  411  1
 412  412  1
 437  412  1
 413  413  5
 414  414  6
 415  414  3
 416  414  3
 417  414  6
 415  415  2
 416  416  1
 417  417  6
 418  418  2
 419  419  2
 420  420  4
 424  420  1
 421  421  1
 422  421  3
 435  421  5
 422  422  3
 423  423  4
 424  424  5
 425  425  1
 426  426  6
 427  427  4
 428  428  1
 429  429  6
 431  429  6
 430  430  1
 431  430  1
 431  431  1
 432  432  2
 433  433  1
 434  434  2
 437  434  2
 435  435  1
 436  435  2
 436  436  2
 437  437  1
 438  438  5
 439  439  3
 440  440  2
 441  441  2
 442  441  2
 442  442  2
 443  443  4
 444  444  1
 445  445  1
 446  445  4
 447  445  6
 449  445  1
 446  446  1
 450  446  1
 455  446  1
 447  447  2
 455  447  2
 448  448  5
 450  448  5
 449  449  1
 451  449  1
 452  449  1
 453  449  1
 450  450  2
 451  451  5
 452  452  2
 453  453  4
 454  454  2
 455  454  1
 455  455  1
 456  456  1
 457  456  1
 458  456  1
 457  457  2
 459  457  1
 460  457  6
 461  457  2
 462  457  5
 463  457  6
 458  458  4
 459  459  3
 460  460  3
 461  461  3
 462  462  1
 463  463  5
 464  464  1
 465  465  4
 466  466  1
 467  466  2
 480  466  2
 467  467  2
 481  467  1
 468  468  5
 472  468  5
 478  468  5
 469  469  1
 473  469  1
 478  469  1
 470  470  2
 471  470  2
 471  471  3
 472  471  2
 472  472  1
 473  473  2
 474  473  2
 475  473  4
 476  473  3
 477  473  3
 474  474  4
 475  475  1
 476  476  3
 477  477  2
 478  478  1
 479  479  2
 480  480  1
 481  480  5
 483  480  6
 481  481  4
 482  481  1
 483  481  3
 486  481  6
 482  482  2
 486  482  3
 483  483  3
 484  483  4
 485  483  5
 484  484  5
 485  485  4
 486  486  4
 487  487  3
 488  488  5
 490  488  6
 493  488  4
 494  488  1
 489  489  5
 490  489  2
 491  489  5
 490  490  3
 492  490  2
 491  491  2
 492  492  4
 493  493  2
 494  494  5
