112 425
4 5 
8 4 
10 5 
6 10 
4 2 
8 3 
2 9 
5 3 
2 9 
8 6 
5 9 
3 2 
4 7 
9 5 
4 5 
7 8 
7 5 
2 4 
5 2 
9 5 
5 9 
4 4 
3 5 
8 5 
1 9 
10 8 
1 4 
6 7 
10 8 
6 9 
5 4 
10 6 
2 7 
2 10 
10 5 
9 4 
9 4 
5 3 
2 6 
8 9 
8 7 
8 3 
6 3 
3 5 
7 5 
4 4 
9 6 
4 8 
7 10 
8 6 
2 10 
10 9 
1 7 
8 2 
7 3 
8 6 
3 4 
5 2 
8 9 
6 5 
8 6 
1 10 
10 10 
5 6 
9 6 
5 3 
4 4 
6 5 
9 4 
2 4 
2 9 
7 9 
2 4 
10 4 
4 7 
7 4 
7 9 
10 5 
8 10 
6 7 
2 4 
1 7 
6 8 
6 2 
1 6 
3 3 
2 3 
6 7 
6 2 
6 9 
8 5 
1 8 
4 2 
10 10 
2 9 
7 10 
7 2 
3 7 
9 10 
9 10 
1 7 
4 2 
1 9 
5 6 
7 2 
5 6 
7 6 
4 8 
7 8 
5 4 
6 4 
1 6 
 2  1  4
 3  1  4
 4  1  1
 3  2  3
 10  2  3
 15  2  1
 18  2  2
 19  2  1
 20  2  2
 29  2  1
 42  2  2
 46  2  2
 47  2  3
 52  2  2
 92  2  2
 103  2  1
 4  3  4
 10  3  1
 12  3  4
 15  3  3
 18  3  4
 22  3  1
 23  3  4
 24  3  1
 25  3  3
 26  3  1
 27  3  4
 28  3  2
 32  3  3
 35  3  1
 37  3  2
 42  3  4
 43  3  4
 46  3  3
 51  3  1
 52  3  1
 55  3  4
 67  3  1
 74  3  2
 84  3  4
 94  3  2
 98  3  2
 99  3  2
 103  3  3
 105  3  4
 106  3  1
 112  3  1
 10  4  3
 11  4  2
 19  4  3
 42  4  3
 44  4  2
 52  4  1
 86  4  2
 6  5  1
 90  5  1
 7  6  1
 18  6  2
 28  6  2
 33  6  1
 40  6  2
 44  6  2
 8  7  3
 33  7  3
 52  7  2
 53  7  2
 56  7  4
 16  8  2
 18  8  2
 22  8  2
 38  8  2
 39  8  2
 52  8  1
 71  8  1
 76  8  2
 88  8  1
 107  8  2
 10  9  3
 13  10  2
 18  10  1
 25  10  4
 26  10  4
 27  10  3
 40  10  3
 41  10  4
 43  10  4
 60  10  2
 61  10  4
 62  10  2
 63  10  1
 90  10  3
 12  11  4
 13  11  2
 51  11  4
 41  12  1
 64  12  1
 70  12  1
 99  12  1
 105  12  1
 18  13  2
 19  13  3
 44  13  3
 51  13  3
 88  13  4
 89  13  4
 103  13  2
 105  13  4
 15  14  2
 16  14  1
 17  14  1
 18  14  3
 19  14  1
 103  14  1
 17  15  4
 18  15  2
 26  15  4
 37  15  2
 38  15  4
 60  15  3
 69  15  2
 72  15  4
 106  15  3
 18  16  2
 33  16  3
 39  16  2
 44  16  2
 49  16  2
 76  16  4
 77  16  4
 80  16  4
 89  16  3
 105  16  2
 69  17  3
 22  18  2
 23  18  1
 25  18  1
 26  18  2
 27  18  3
 28  18  1
 29  18  1
 32  18  3
 33  18  1
 35  18  1
 36  18  3
 37  18  1
 38  18  3
 39  18  2
 44  18  1
 45  18  3
 51  18  2
 52  18  2
 53  18  1
 55  18  2
 66  18  1
 67  18  3
 68  18  1
 71  18  2
 73  18  3
 78  18  1
 81  18  3
 83  18  3
 84  18  3
 85  18  2
 86  18  1
 87  18  2
 88  18  2
 89  18  3
 90  18  3
 94  18  2
 99  18  1
 103  18  2
 104  18  2
 105  18  3
 22  19  1
 30  19  1
 35  19  1
 44  19  1
 45  19  1
 51  19  1
 52  19  1
 54  19  1
 55  19  1
 61  19  1
 21  20  4
 22  20  1
 23  20  2
 24  20  2
 25  20  4
 26  20  1
 27  20  4
 28  20  2
 44  21  4
 80  21  3
 95  21  4
 109  21  2
 29  22  1
 44  22  1
 49  22  3
 51  22  1
 52  22  3
 46  23  2
 95  23  4
 44  24  1
 48  24  2
 52  24  3
 60  24  1
 70  24  1
 106  24  3
 37  25  3
 44  25  3
 48  25  4
 50  25  2
 69  25  2
 76  25  4
 77  25  2
 88  25  3
 104  25  1
 105  25  1
 109  25  3
 31  26  4
 42  26  4
 47  26  3
 49  26  2
 52  26  4
 60  26  4
 78  26  2
 89  26  4
 105  26  3
 44  27  2
 52  27  1
 57  27  2
 69  27  2
 80  27  1
 81  27  2
 105  27  3
 44  28  3
 53  28  3
 55  28  1
 64  28  4
 69  28  3
 77  28  4
 80  28  4
 81  28  2
 88  28  3
 97  28  2
 104  28  1
 30  29  4
 31  29  1
 32  29  1
 33  29  1
 34  29  3
 35  29  2
 36  29  2
 45  29  1
 90  29  3
 93  29  4
 59  30  1
 75  30  4
 80  30  2
 52  31  1
 80  31  3
 85  31  1
 93  31  3
 33  32  1
 42  32  3
 44  32  4
 52  32  3
 80  32  2
 87  32  3
 104  32  3
 105  32  4
 109  32  2
 52  33  4
 53  33  1
 71  33  2
 101  33  4
 77  34  2
 85  34  1
 105  34  3
 108  34  3
 52  35  1
 55  35  3
 108  35  1
 49  36  2
 52  36  2
 72  36  2
 105  36  3
 44  37  2
 56  37  1
 88  37  2
 39  38  2
 48  38  2
 58  38  2
 59  38  2
 60  38  2
 73  38  2
 104  38  1
 40  39  3
 41  39  3
 42  39  1
 52  39  4
 105  39  1
 44  40  1
 104  40  4
 57  41  4
 43  42  1
 44  42  1
 52  43  1
 57  43  2
 80  43  1
 91  43  2
 45  44  1
 49  44  4
 60  44  4
 64  44  1
 67  44  3
 71  44  3
 81  44  3
 82  44  2
 84  44  3
 99  44  4
 100  44  2
 101  44  3
 46  45  4
 51  45  3
 103  45  4
 53  46  3
 74  46  1
 105  47  3
 49  48  3
 50  48  4
 51  49  3
 77  49  3
 89  49  2
 105  49  2
 52  50  2
 60  50  1
 69  50  4
 52  51  1
 53  51  4
 54  51  3
 55  51  2
 79  51  4
 103  51  2
 105  51  2
 55  52  3
 58  52  3
 60  52  1
 67  52  2
 68  52  3
 69  52  1
 102  52  1
 107  52  3
 57  53  3
 55  54  1
 74  54  1
 90  54  1
 103  54  1
 69  55  1
 71  55  1
 73  55  2
 76  55  1
 79  55  2
 71  56  1
 76  58  1
 66  60  1
 71  60  2
 72  60  2
 73  60  3
 105  60  1
 72  61  4
 77  61  1
 102  61  4
 105  62  4
 72  63  2
 65  64  1
 66  64  1
 85  66  1
 88  66  2
 104  66  1
 73  67  3
 76  67  3
 103  67  3
 77  68  2
 88  68  1
 71  69  3
 74  69  1
 76  69  1
 85  69  1
 76  71  2
 88  71  3
 103  71  3
 106  71  4
 74  72  3
 81  73  2
 106  73  2
 77  74  3
 104  74  1
 77  76  3
 78  76  3
 81  77  1
 93  77  1
 107  77  3
 80  79  1
 82  80  3
 84  80  3
 110  80  1
 111  80  4
 82  81  2
 107  81  1
 95  82  4
 99  82  3
 105  82  3
 88  84  1
 105  85  1
 107  89  1
 93  90  3
 100  90  4
 96  93  1
 97  93  1
 107  97  1
 111  101  2
 105  104  4
 106  105  1
 109  106  1
