297 2148
8 10 
3 4 
1 6 
9 3 
9 2 
8 9 
1 9 
2 4 
7 10 
7 3 
5 4 
5 7 
3 9 
3 8 
9 10 
5 2 
2 8 
2 9 
2 3 
3 5 
5 5 
1 9 
3 7 
4 8 
8 9 
7 6 
5 10 
5 9 
9 9 
7 10 
1 8 
7 7 
5 4 
10 6 
2 2 
10 9 
4 8 
5 9 
8 7 
3 4 
2 10 
8 5 
3 3 
3 10 
7 5 
3 4 
1 5 
5 2 
8 10 
3 3 
3 3 
10 6 
9 5 
2 9 
10 6 
3 3 
1 3 
6 2 
10 8 
8 6 
8 3 
2 8 
8 10 
9 9 
5 2 
3 7 
8 8 
6 9 
9 5 
3 8 
10 2 
8 4 
7 5 
7 9 
9 9 
3 7 
8 6 
8 2 
3 3 
2 6 
1 4 
8 9 
8 9 
10 8 
5 10 
5 7 
6 9 
1 8 
5 8 
2 5 
3 7 
6 2 
10 5 
9 2 
7 7 
8 4 
7 7 
3 7 
4 7 
1 9 
2 5 
4 3 
4 2 
8 2 
9 3 
9 10 
2 3 
10 6 
4 7 
3 9 
3 7 
1 10 
8 10 
8 10 
5 9 
4 8 
1 9 
10 10 
9 2 
1 2 
8 8 
10 7 
1 5 
5 5 
4 10 
8 4 
10 10 
9 7 
5 5 
9 10 
4 2 
9 8 
8 5 
8 3 
8 3 
4 6 
8 3 
9 5 
3 2 
1 3 
9 4 
1 9 
8 4 
2 9 
8 5 
4 4 
2 6 
6 9 
8 7 
6 9 
2 4 
1 9 
2 8 
10 4 
1 6 
8 2 
6 7 
5 2 
6 10 
8 4 
8 7 
1 2 
1 9 
5 9 
4 4 
9 9 
6 2 
6 4 
2 3 
3 5 
6 9 
8 7 
7 8 
6 5 
9 4 
1 10 
5 6 
10 2 
4 5 
2 5 
1 10 
7 6 
10 8 
1 10 
8 10 
2 5 
9 6 
8 8 
9 5 
1 9 
6 6 
3 8 
2 4 
1 7 
8 7 
10 6 
9 2 
7 9 
8 4 
3 9 
3 3 
9 3 
9 5 
10 4 
2 5 
2 2 
2 9 
1 4 
3 4 
8 7 
4 2 
9 4 
6 4 
1 8 
7 7 
10 10 
7 10 
2 4 
7 8 
5 10 
9 3 
5 8 
10 9 
7 3 
7 3 
6 8 
1 5 
3 4 
6 10 
9 2 
9 5 
10 4 
1 9 
10 3 
4 7 
10 6 
6 4 
6 7 
5 4 
4 3 
7 4 
9 9 
4 9 
4 10 
5 2 
9 6 
7 4 
1 9 
1 6 
1 6 
6 2 
3 2 
8 7 
1 4 
1 7 
9 8 
9 8 
8 9 
10 8 
4 10 
6 7 
4 6 
6 2 
1 6 
2 9 
6 5 
2 8 
2 4 
10 4 
9 7 
7 4 
4 9 
1 9 
10 10 
6 4 
3 8 
3 2 
2 10 
5 7 
8 4 
1 4 
8 7 
1 8 
5 7 
1 6 
10 2 
7 6 
1 6 
4 10 
6 3 
3 6 
7 7 
7 7 
10 5 
5 10 
10 7 
1 9 
 135  1  6
 202  1  1
 1  2  3
 8  2  2
 17  2  2
 102  2  3
 103  2  2
 109  2  2
 114  2  2
 116  2  3
 117  2  3
 125  2  3
 128  2  1
 130  2  2
 131  2  1
 132  2  3
 136  2  2
 137  2  3
 139  2  2
 141  2  3
 142  2  3
 143  2  1
 194  2  2
 196  2  1
 215  2  2
 242  2  2
 1  3  1
 5  3  1
 8  3  2
 13  3  4
 17  3  5
 21  3  4
 22  3  4
 64  3  1
 68  3  2
 73  3  4
 85  3  4
 88  3  3
 90  3  1
 99  3  2
 100  3  5
 102  3  5
 110  3  1
 112  3  4
 115  3  3
 119  3  4
 122  3  3
 126  3  3
 130  3  3
 171  3  5
 173  3  1
 185  3  4
 194  3  2
 195  3  3
 202  3  1
 204  3  2
 205  3  1
 208  3  3
 213  3  5
 221  3  1
 225  3  4
 226  3  1
 227  3  4
 240  3  2
 249  3  4
 256  3  3
 258  3  4
 1  4  2
 6  4  1
 8  4  1
 9  4  1
 12  4  2
 13  4  2
 15  4  1
 28  4  2
 32  4  2
 51  4  2
 59  4  2
 63  4  2
 64  4  2
 66  4  2
 83  4  2
 87  4  1
 91  4  1
 92  4  1
 93  4  2
 94  4  2
 99  4  2
 102  4  1
 107  4  1
 109  4  1
 112  4  2
 115  4  2
 126  4  1
 138  4  2
 173  4  2
 214  4  1
 217  4  2
 225  4  1
 240  4  1
 1  5  1
 9  5  1
 10  5  1
 15  5  1
 16  5  1
 19  5  1
 32  5  1
 42  5  1
 53  5  1
 54  5  1
 68  5  1
 72  5  1
 77  5  1
 83  5  1
 85  5  1
 88  5  1
 91  5  1
 93  5  1
 100  5  1
 103  5  1
 109  5  1
 110  5  1
 120  5  1
 126  5  1
 138  5  1
 150  5  1
 173  5  1
 188  5  1
 204  5  1
 205  5  1
 208  5  1
 214  5  1
 225  5  1
 227  5  1
 1  6  2
 9  6  8
 10  6  4
 60  6  2
 71  6  8
 104  6  7
 128  6  6
 202  6  7
 1  7  8
 8  7  8
 14  7  6
 31  7  6
 35  7  5
 44  7  4
 48  7  7
 49  7  7
 53  7  3
 60  7  5
 74  7  5
 75  7  3
 76  7  2
 78  7  5
 92  7  6
 100  7  2
 104  7  8
 106  7  7
 108  7  2
 109  7  4
 110  7  5
 111  7  4
 112  7  1
 136  7  2
 138  7  7
 202  7  8
 210  7  8
 1  8  2
 10  8  1
 32  8  2
 59  8  3
 60  8  3
 61  8  2
 83  8  3
 91  8  2
 92  8  3
 100  8  2
 108  8  3
 131  8  1
 135  8  3
 1  9  2
 3  9  3
 64  9  8
 66  9  3
 68  9  3
 124  9  1
 194  9  1
 196  9  8
 204  9  9
 1  10  1
 53  10  1
 64  10  2
 68  10  1
 106  10  1
 112  10  1
 194  10  2
 196  10  2
 2  11  3
 6  11  1
 116  11  3
 125  11  2
 127  11  3
 136  11  1
 137  11  3
 139  11  2
 209  11  3
 6  12  5
 15  12  5
 55  12  4
 66  12  6
 101  12  5
 104  12  2
 138  12  4
 2  13  8
 6  13  8
 12  13  1
 15  13  6
 17  13  4
 21  13  8
 22  13  3
 64  13  4
 68  13  7
 86  13  7
 87  13  4
 92  13  3
 94  13  5
 96  13  8
 112  13  6
 117  13  1
 118  13  4
 120  13  8
 126  13  7
 130  13  7
 131  13  2
 132  13  6
 133  13  1
 138  13  5
 139  13  5
 171  13  2
 173  13  1
 185  13  8
 194  13  7
 195  13  7
 202  13  3
 204  13  4
 212  13  7
 225  13  3
 227  13  2
 240  13  5
 242  13  3
 248  13  1
 256  13  1
 257  13  1
 258  13  6
 259  13  6
 262  13  3
 6  14  1
 11  14  3
 12  14  3
 15  14  4
 35  14  3
 48  14  7
 49  14  6
 54  14  6
 60  14  6
 64  14  6
 66  14  5
 71  14  1
 74  14  6
 75  14  4
 76  14  7
 78  14  6
 101  14  4
 103  14  3
 104  14  7
 115  14  7
 117  14  4
 121  14  4
 138  14  3
 139  14  7
 202  14  5
 210  14  7
 6  15  6
 9  15  2
 11  15  6
 19  15  5
 54  15  8
 55  15  2
 60  15  8
 61  15  6
 72  15  5
 77  15  8
 91  15  5
 115  15  7
 128  15  5
 133  15  3
 135  15  4
 194  15  1
 19  16  1
 60  16  1
 91  16  1
 217  16  1
 16  17  6
 242  17  3
 16  18  3
 19  18  5
 20  18  1
 43  18  8
 54  18  6
 71  18  3
 64  19  1
 72  19  1
 73  19  1
 16  20  3
 17  20  4
 60  20  1
 63  20  1
 71  20  4
 101  20  3
 16  21  3
 20  21  4
 28  21  4
 59  21  3
 63  21  1
 66  21  3
 69  21  4
 72  21  3
 122  21  3
 16  22  7
 28  22  6
 33  22  6
 53  22  1
 56  22  1
 58  22  2
 59  22  8
 69  22  2
 70  22  5
 72  22  6
 84  22  2
 122  22  1
 240  22  8
 16  23  1
 17  23  6
 18  23  3
 20  23  5
 27  23  4
 41  23  1
 43  23  1
 55  23  5
 57  23  2
 60  23  2
 71  23  5
 72  23  5
 102  23  2
 117  23  6
 7  24  7
 14  24  7
 16  24  6
 18  24  6
 19  24  4
 42  24  5
 44  24  5
 47  24  2
 49  24  3
 51  24  7
 54  24  1
 59  24  6
 69  24  1
 76  24  2
 83  24  7
 91  24  4
 92  24  6
 210  24  7
 241  24  4
 10  25  8
 16  25  4
 59  25  6
 64  25  1
 242  25  8
 7  26  2
 16  26  5
 84  26  3
 94  26  5
 210  26  3
 16  27  8
 71  27  8
 7  28  1
 32  28  6
 60  28  7
 91  28  7
 241  28  4
 28  29  3
 111  29  3
 135  29  5
 151  29  2
 28  30  3
 31  30  3
 32  30  9
 33  30  6
 43  30  5
 92  30  1
 28  31  4
 33  31  3
 48  32  3
 59  32  5
 67  32  5
 68  32  4
 91  32  3
 122  32  4
 212  32  3
 28  33  2
 53  33  1
 60  33  1
 67  33  2
 28  34  3
 30  34  3
 31  34  4
 33  34  1
 39  34  3
 43  34  3
 46  34  1
 53  34  1
 58  34  2
 60  34  3
 62  34  2
 107  34  3
 206  34  5
 28  35  1
 64  35  1
 78  35  1
 7  36  1
 14  36  8
 19  36  8
 28  36  1
 30  36  6
 32  36  4
 44  36  5
 48  36  4
 51  36  6
 56  36  1
 57  36  3
 77  36  8
 78  36  5
 84  36  4
 92  36  2
 217  36  7
 9  37  6
 28  37  5
 69  37  4
 72  37  2
 94  37  1
 237  37  7
 242  37  3
 28  38  4
 35  38  6
 53  38  1
 70  38  8
 214  38  2
 28  39  6
 31  39  3
 67  39  2
 28  40  2
 60  40  1
 93  40  2
 128  40  2
 135  40  1
 146  40  2
 149  40  1
 150  40  3
 151  40  2
 226  40  2
 42  41  8
 43  41  6
 55  41  9
 57  41  3
 72  41  5
 18  42  3
 63  42  1
 64  42  2
 72  42  3
 84  42  1
 78  43  1
 126  43  2
 138  43  2
 172  43  1
 173  43  2
 185  43  1
 186  43  1
 207  43  2
 218  43  1
 14  44  4
 19  44  3
 33  44  6
 35  44  8
 39  44  4
 41  44  4
 42  44  5
 51  44  3
 72  44  6
 77  44  9
 88  44  4
 92  44  4
 94  44  3
 18  45  3
 24  45  4
 25  45  2
 27  45  2
 30  45  4
 35  45  2
 36  45  1
 37  45  1
 39  45  4
 41  45  3
 42  45  1
 44  45  1
 46  45  2
 47  45  4
 48  45  1
 49  45  2
 50  45  4
 51  45  3
 52  45  2
 57  45  1
 61  45  4
 62  45  3
 65  45  3
 74  45  4
 75  45  2
 76  45  1
 78  45  2
 86  45  2
 88  45  4
 90  45  3
 94  45  3
 97  45  4
 98  45  3
 105  45  4
 113  45  3
 131  45  3
 133  45  1
 134  45  3
 143  45  3
 152  45  2
 153  45  4
 154  45  2
 155  45  3
 156  45  3
 157  45  2
 158  45  1
 159  45  1
 160  45  4
 161  45  3
 162  45  1
 163  45  2
 164  45  2
 165  45  3
 166  45  1
 167  45  4
 168  45  1
 169  45  2
 170  45  4
 176  45  4
 177  45  3
 178  45  4
 179  45  2
 180  45  4
 181  45  2
 182  45  1
 183  45  2
 184  45  2
 188  45  1
 189  45  1
 190  45  3
 192  45  1
 193  45  1
 196  45  3
 197  45  4
 198  45  4
 200  45  4
 201  45  4
 203  45  2
 205  45  3
 208  45  4
 210  45  1
 211  45  2
 215  45  3
 220  45  2
 222  45  1
 228  45  1
 231  45  2
 232  45  2
 233  45  2
 234  45  3
 235  45  1
 238  45  4
 239  45  3
 245  45  1
 246  45  3
 247  45  1
 250  45  2
 251  45  1
 252  45  4
 254  45  1
 255  45  2
 263  45  2
 264  45  2
 265  45  4
 266  45  1
 267  45  1
 268  45  1
 269  45  3
 270  45  3
 271  45  4
 272  45  2
 273  45  3
 274  45  1
 275  45  4
 276  45  2
 277  45  3
 278  45  1
 279  45  3
 280  45  1
 281  45  3
 282  45  1
 283  45  1
 284  45  4
 285  45  3
 286  45  2
 287  45  3
 288  45  3
 289  45  1
 290  45  2
 291  45  3
 292  45  4
 293  45  1
 294  45  1
 295  45  2
 32  46  2
 43  46  1
 51  46  2
 58  46  1
 59  46  2
 7  47  1
 14  47  4
 20  47  3
 32  47  1
 42  47  2
 46  47  1
 51  47  1
 54  47  1
 59  47  4
 62  47  3
 83  47  3
 88  47  2
 210  47  4
 19  48  1
 35  48  1
 42  48  1
 49  48  1
 51  48  1
 63  48  1
 64  48  1
 67  48  1
 70  48  1
 88  48  1
 91  48  1
 94  48  1
 131  48  1
 133  48  1
 215  48  1
 25  49  7
 32  49  1
 42  49  5
 51  49  8
 53  49  2
 63  49  2
 68  49  5
 70  49  4
 88  49  5
 91  49  7
 93  49  6
 94  49  8
 131  49  8
 133  49  4
 210  49  9
 211  49  7
 215  49  6
 27  50  1
 31  50  2
 32  50  2
 33  50  1
 37  50  2
 39  50  1
 42  50  2
 55  50  1
 58  50  2
 60  50  2
 62  50  1
 63  50  1
 71  50  2
 7  51  1
 30  51  1
 39  51  1
 59  51  1
 67  51  1
 70  51  1
 19  52  3
 27  52  1
 31  52  1
 51  52  4
 55  52  3
 57  52  4
 58  52  1
 67  52  1
 71  52  5
 31  53  4
 51  53  2
 70  53  1
 88  53  4
 100  53  3
 104  53  3
 106  53  1
 23  56  1
 55  56  2
 60  56  1
 63  56  1
 72  56  1
 55  57  1
 72  57  1
 226  57  2
 58  59  5
 60  59  7
 68  59  6
 70  59  4
 91  59  7
 241  59  6
 31  60  5
 54  60  1
 58  60  2
 63  60  4
 64  60  1
 67  60  1
 68  60  4
 71  60  3
 103  60  5
 196  60  4
 58  61  2
 62  61  2
 86  61  2
 90  61  1
 97  61  2
 58  62  4
 59  62  5
 96  62  7
 64  63  7
 68  64  1
 96  64  2
 130  64  6
 226  64  6
 27  65  1
 31  65  1
 39  65  1
 60  65  1
 63  65  1
 67  65  1
 71  65  1
 105  65  1
 113  65  1
 196  65  1
 210  65  1
 63  66  5
 84  66  1
 94  66  4
 104  66  2
 202  66  6
 70  67  3
 67  68  3
 96  68  7
 130  68  8
 207  68  3
 225  68  4
 34  69  3
 59  69  2
 60  69  2
 67  69  1
 60  72  2
 64  72  2
 84  72  1
 91  72  3
 94  72  3
 217  72  3
 2  73  4
 7  73  4
 35  73  2
 96  73  1
 113  73  3
 133  73  2
 134  73  2
 138  73  1
 214  73  3
 223  73  3
 8  74  5
 17  74  1
 19  74  3
 21  74  8
 22  74  3
 32  74  7
 76  74  7
 77  74  6
 83  74  7
 91  74  6
 115  74  4
 131  74  8
 210  74  3
 213  74  5
 219  74  7
 2  75  3
 19  75  4
 21  75  3
 22  75  3
 32  75  6
 35  75  2
 65  75  8
 77  75  6
 78  75  2
 83  75  5
 91  75  6
 131  75  7
 133  75  6
 212  75  8
 219  75  7
 237  75  1
 15  76  2
 19  76  5
 21  76  2
 22  76  1
 32  76  2
 54  76  1
 91  76  2
 107  76  2
 210  76  6
 219  76  4
 19  77  1
 72  77  5
 22  78  1
 32  78  1
 91  78  1
 92  78  1
 102  78  1
 133  78  1
 236  78  1
 237  78  1
 54  79  1
 56  79  1
 92  79  2
 94  79  1
 126  79  1
 207  79  1
 47  80  1
 69  80  3
 92  80  4
 173  80  2
 20  81  2
 33  82  5
 64  82  1
 59  83  5
 62  83  8
 64  84  3
 2  85  8
 13  85  5
 17  85  7
 43  85  8
 53  85  7
 66  85  5
 84  85  3
 87  85  5
 99  85  7
 102  85  1
 107  85  4
 112  85  8
 117  85  4
 118  85  6
 120  85  1
 121  85  3
 122  85  3
 124  85  2
 126  85  3
 130  85  8
 131  85  8
 133  85  8
 138  85  6
 173  85  6
 194  85  9
 200  85  7
 202  85  5
 203  85  6
 204  85  8
 206  85  3
 207  85  5
 214  85  2
 216  85  4
 225  85  4
 227  85  4
 242  85  4
 22  86  5
 59  86  5
 64  86  2
 84  86  5
 109  86  3
 121  86  5
 138  86  6
 196  86  5
 199  86  1
 219  86  2
 236  86  3
 3  87  7
 15  87  3
 43  87  8
 53  87  2
 54  87  4
 70  87  6
 88  87  2
 94  87  2
 99  87  2
 102  87  2
 107  87  8
 110  87  2
 111  87  4
 112  87  3
 115  87  8
 119  87  1
 120  87  5
 122  87  2
 126  87  2
 130  87  8
 131  87  1
 133  87  4
 150  87  5
 173  87  3
 199  87  8
 200  87  7
 202  87  2
 204  87  4
 205  87  1
 206  87  7
 207  87  4
 208  87  1
 216  87  7
 225  87  5
 242  87  7
 59  88  4
 68  88  2
 70  88  4
 110  88  7
 143  88  4
 151  88  3
 215  88  2
 7  89  5
 14  89  4
 59  89  7
 70  89  2
 241  89  1
 21  90  2
 70  90  2
 72  90  4
 103  90  2
 106  90  4
 124  90  2
 138  90  1
 237  90  2
 54  91  5
 120  91  2
 126  91  4
 131  91  1
 133  91  3
 240  91  1
 60  92  1
 91  92  1
 17  93  1
 64  94  1
 73  94  1
 132  94  1
 146  94  1
 217  94  1
 7  95  6
 64  95  3
 72  95  2
 59  96  3
 143  96  1
 205  96  3
 207  96  1
 208  96  1
 241  96  1
 126  97  2
 128  97  3
 173  97  3
 207  97  1
 97  98  5
 166  98  4
 167  98  3
 168  98  3
 177  98  3
 178  98  4
 188  98  4
 196  98  2
 251  98  1
 252  98  3
 254  98  1
 255  98  1
 279  98  4
 281  98  5
 17  99  3
 43  99  5
 66  99  4
 68  99  3
 102  99  2
 122  99  6
 124  99  3
 151  99  1
 185  99  4
 199  99  6
 203  99  6
 205  99  6
 206  99  1
 207  99  3
 208  99  5
 216  99  5
 226  99  6
 227  99  4
 257  99  6
 60  100  2
 106  100  6
 135  100  6
 138  100  3
 103  101  4
 117  101  2
 121  101  4
 64  102  2
 94  102  2
 101  102  2
 114  102  2
 204  102  1
 209  102  2
 9  103  1
 11  103  1
 104  103  1
 114  103  1
 121  103  1
 137  103  1
 138  103  1
 143  103  1
 192  103  1
 209  103  1
 9  104  1
 10  104  1
 88  104  1
 101  104  1
 106  104  1
 111  104  1
 117  104  1
 124  104  1
 138  104  1
 140  104  1
 199  104  1
 94  105  2
 101  105  2
 103  105  1
 124  105  1
 138  105  2
 150  105  2
 224  105  1
 60  106  4
 108  106  1
 110  106  4
 111  106  1
 112  106  4
 136  106  1
 140  106  5
 199  106  6
 22  107  1
 68  107  1
 88  107  1
 106  107  2
 110  107  1
 123  107  2
 131  107  1
 100  108  1
 116  108  4
 125  108  3
 129  108  4
 136  108  4
 140  108  2
 9  109  6
 10  109  3
 60  109  1
 104  109  4
 106  109  6
 108  109  6
 111  109  3
 123  109  5
 140  109  4
 143  109  1
 192  109  1
 122  110  3
 144  110  6
 192  110  6
 206  110  1
 140  111  1
 192  111  3
 199  111  4
 110  112  2
 188  112  5
 196  112  4
 199  112  9
 206  112  8
 227  112  6
 35  113  9
 106  113  3
 109  113  9
 111  113  2
 138  113  4
 199  113  4
 223  113  8
 17  114  2
 116  114  7
 117  114  1
 128  114  5
 136  114  9
 139  114  5
 141  114  9
 142  114  8
 146  114  4
 150  114  5
 192  114  2
 17  115  5
 29  115  1
 73  115  7
 94  115  1
 102  115  5
 103  115  8
 109  115  5
 110  115  4
 116  115  4
 121  115  7
 122  115  6
 123  115  1
 125  115  7
 130  115  8
 134  115  1
 136  115  6
 139  115  4
 143  115  6
 148  115  6
 194  115  4
 196  115  1
 211  115  8
 225  115  1
 240  115  6
 17  116  5
 122  116  2
 123  116  6
 128  116  2
 129  116  5
 137  116  1
 140  116  3
 17  117  4
 143  117  3
 192  117  8
 4  118  1
 17  118  9
 87  118  2
 88  118  3
 110  118  5
 117  118  6
 119  118  4
 120  118  4
 122  118  2
 126  118  1
 130  118  3
 143  118  5
 150  118  6
 171  118  5
 173  118  2
 185  118  9
 192  118  5
 199  118  9
 202  118  8
 225  118  4
 227  118  2
 256  118  5
 257  118  9
 258  118  2
 262  118  5
 5  119  1
 12  119  1
 15  119  1
 17  119  1
 68  119  1
 85  119  1
 99  119  1
 110  119  1
 117  119  1
 122  119  1
 124  119  1
 126  119  1
 130  119  1
 150  119  1
 151  119  1
 171  119  1
 173  119  1
 185  119  1
 195  119  1
 202  119  1
 204  119  1
 205  119  1
 208  119  1
 217  119  1
 221  119  1
 225  119  1
 227  119  1
 229  119  1
 258  119  1
 17  120  1
 43  120  1
 88  120  1
 96  120  1
 99  120  1
 107  120  1
 124  120  1
 126  120  1
 131  120  1
 143  120  1
 150  120  1
 171  120  1
 192  120  1
 199  120  1
 200  120  1
 202  120  1
 205  120  1
 206  120  1
 208  120  1
 221  120  1
 17  121  4
 143  121  2
 192  121  6
 209  121  7
 123  122  4
 124  122  2
 125  122  6
 29  123  2
 110  123  2
 125  123  3
 139  123  3
 144  123  1
 148  123  1
 149  123  3
 151  123  2
 150  124  4
 199  124  4
 200  124  2
 203  124  1
 204  124  1
 216  124  1
 229  124  4
 230  124  4
 260  124  3
 114  125  5
 116  125  7
 136  125  5
 137  125  4
 144  125  3
 96  126  3
 99  126  3
 112  126  1
 122  126  3
 138  126  2
 172  126  2
 173  126  3
 178  126  1
 202  126  3
 206  126  1
 207  126  3
 217  126  1
 218  126  2
 225  126  1
 226  126  1
 227  126  3
 249  126  3
 256  126  3
 257  126  1
 258  126  1
 259  126  1
 116  127  6
 128  127  8
 209  127  1
 141  128  6
 135  129  3
 140  129  2
 173  130  8
 225  130  3
 240  130  5
 21  131  1
 73  131  1
 109  131  1
 112  131  1
 115  131  1
 132  131  1
 138  131  1
 143  131  1
 199  131  1
 206  131  1
 212  131  1
 213  131  1
 214  131  1
 216  131  1
 219  131  1
 105  132  2
 115  132  4
 134  132  5
 210  132  6
 219  132  2
 224  132  4
 226  132  4
 21  133  4
 102  133  1
 103  133  2
 115  133  2
 117  133  2
 132  133  2
 134  133  1
 192  133  3
 212  133  4
 213  133  4
 214  133  1
 216  133  4
 219  133  3
 138  134  1
 197  134  2
 203  134  1
 225  134  2
 103  136  4
 135  136  3
 137  136  5
 140  136  3
 144  136  5
 209  136  2
 109  138  1
 130  138  1
 172  138  1
 173  138  2
 186  138  1
 202  138  4
 214  138  3
 218  138  2
 219  138  4
 225  138  2
 229  138  1
 230  138  2
 242  138  4
 248  138  4
 249  138  4
 259  138  2
 260  138  3
 262  138  2
 116  139  1
 125  139  1
 136  139  1
 137  139  1
 144  139  1
 123  140  2
 148  140  1
 150  141  1
 209  141  2
 94  142  8
 117  142  7
 137  142  4
 141  142  6
 145  142  7
 146  142  8
 150  142  5
 192  142  5
 11  143  2
 85  143  2
 110  143  2
 147  143  1
 149  143  1
 151  143  3
 192  143  2
 200  143  3
 206  143  3
 239  143  2
 246  143  1
 262  143  2
 283  143  2
 285  143  1
 146  145  1
 99  146  2
 112  146  1
 124  146  3
 150  146  1
 200  146  2
 203  146  1
 219  146  3
 227  146  3
 229  146  2
 230  146  1
 285  146  3
 151  147  5
 192  147  4
 147  148  6
 149  148  2
 151  148  1
 120  149  1
 147  149  6
 199  149  1
 204  149  1
 214  149  4
 227  149  5
 246  149  6
 3  152  8
 4  152  6
 5  152  3
 13  152  3
 85  152  7
 87  152  4
 118  152  4
 119  152  4
 126  152  4
 173  152  2
 188  152  7
 231  152  1
 3  153  7
 13  153  3
 85  153  7
 87  153  7
 118  153  7
 119  153  6
 254  153  6
 3  154  3
 13  154  2
 118  154  3
 119  154  3
 178  154  3
 254  154  3
 3  155  4
 4  155  2
 5  155  1
 13  155  2
 126  155  1
 173  155  4
 231  155  3
 3  156  1
 4  156  1
 5  156  1
 13  156  1
 85  156  1
 87  156  1
 190  156  1
 198  156  1
 233  156  1
 3  157  3
 13  157  3
 85  157  5
 87  157  5
 118  157  3
 119  157  6
 169  157  3
 3  158  1
 13  158  1
 85  158  1
 87  158  1
 118  158  1
 119  158  1
 143  158  1
 192  158  1
 193  158  1
 3  159  7
 13  159  9
 85  159  1
 87  159  2
 193  159  2
 3  160  1
 4  160  2
 5  160  1
 13  160  1
 118  160  1
 119  160  2
 152  160  3
 207  160  1
 220  160  3
 3  161  4
 4  161  3
 5  161  6
 13  161  1
 118  161  6
 119  161  2
 126  161  1
 155  161  3
 173  161  5
 188  161  3
 3  162  1
 4  162  1
 5  162  1
 13  162  1
 118  162  1
 119  162  1
 154  162  1
 156  162  1
 234  162  1
 3  163  1
 4  163  7
 5  163  5
 13  163  5
 118  163  7
 119  163  6
 158  163  7
 162  163  6
 276  163  2
 3  164  7
 13  164  4
 85  164  6
 87  164  2
 118  164  4
 119  164  8
 143  164  8
 159  164  3
 163  164  8
 192  164  3
 3  165  2
 13  165  1
 143  165  1
 164  165  3
 273  165  1
 277  165  2
 3  166  6
 13  166  7
 153  166  4
 165  166  7
 278  166  2
 3  167  1
 13  167  1
 118  167  1
 119  167  1
 154  167  1
 166  167  1
 178  167  1
 196  167  1
 227  167  1
 229  167  1
 3  168  1
 13  168  1
 43  168  1
 118  168  3
 119  168  2
 154  168  2
 167  168  3
 178  168  1
 251  168  1
 260  168  1
 3  169  1
 4  169  1
 5  169  2
 13  169  2
 43  169  2
 126  169  1
 138  169  1
 173  169  1
 3  170  2
 13  170  2
 126  170  3
 138  170  2
 143  170  3
 173  170  4
 173  171  4
 178  171  1
 195  171  6
 259  171  3
 13  172  2
 186  172  3
 203  172  4
 218  172  4
 219  172  4
 96  173  6
 99  173  6
 112  173  4
 120  173  5
 178  173  7
 185  173  2
 186  173  2
 202  173  3
 204  173  3
 205  173  3
 206  173  5
 207  173  2
 208  173  7
 217  173  3
 221  173  6
 227  173  1
 241  173  7
 248  173  6
 258  173  6
 260  173  6
 262  173  6
 3  174  3
 4  174  3
 5  174  3
 13  174  3
 43  174  2
 118  174  2
 119  174  4
 134  174  4
 143  174  4
 188  174  2
 192  174  2
 5  175  3
 13  175  2
 119  175  3
 120  175  2
 188  175  2
 3  176  7
 13  176  2
 85  176  7
 87  176  5
 247  176  4
 3  177  4
 13  177  3
 118  177  4
 119  177  3
 176  177  2
 178  177  4
 227  177  3
 3  178  1
 13  178  1
 138  178  1
 184  178  1
 221  178  1
 222  178  1
 255  178  1
 256  178  1
 257  178  1
 258  178  1
 259  178  1
 260  178  1
 3  179  2
 4  179  4
 5  179  2
 13  179  3
 118  179  2
 119  179  1
 134  179  2
 174  179  2
 197  179  3
 238  179  1
 3  180  1
 4  180  2
 5  180  3
 13  180  3
 118  180  4
 119  180  2
 134  180  2
 179  180  2
 3  181  5
 4  181  9
 5  181  7
 13  181  6
 85  181  6
 87  181  2
 180  181  3
 3  182  3
 13  182  1
 118  182  4
 119  182  3
 143  182  2
 181  182  4
 3  183  5
 4  183  1
 5  183  5
 13  183  5
 118  183  5
 119  183  2
 143  183  5
 182  183  4
 192  183  2
 3  184  3
 13  184  6
 285  184  5
 126  185  7
 260  185  8
 3  186  3
 200  186  1
 214  186  1
 262  186  4
 3  187  4
 4  187  1
 99  187  4
 118  187  4
 143  187  5
 192  187  3
 85  188  7
 87  188  7
 91  188  4
 126  188  1
 146  188  4
 149  188  7
 173  188  7
 196  188  7
 200  188  7
 203  188  1
 204  188  4
 205  188  2
 208  188  7
 246  188  6
 285  188  4
 85  189  3
 87  189  2
 183  189  2
 4  190  7
 5  190  7
 85  190  5
 87  190  2
 157  190  1
 161  190  7
 162  190  7
 169  190  4
 180  190  7
 205  190  1
 208  190  4
 231  190  8
 233  190  5
 234  190  6
 238  190  3
 246  190  7
 26  191  4
 38  191  3
 79  191  5
 80  191  1
 81  191  1
 82  191  5
 85  191  1
 87  191  2
 89  191  4
 95  191  2
 112  191  2
 172  191  4
 175  191  3
 186  191  1
 187  191  2
 196  191  1
 204  191  1
 205  191  3
 208  191  1
 214  191  4
 218  191  3
 219  191  4
 225  191  1
 227  191  3
 243  191  1
 244  191  3
 248  191  4
 249  191  2
 253  191  2
 296  191  5
 297  191  3
 87  192  3
 99  192  3
 104  192  4
 108  192  3
 146  192  5
 151  192  3
 203  192  5
 226  192  4
 261  192  1
 118  193  1
 119  193  3
 126  193  3
 138  193  2
 173  193  3
 112  194  5
 118  194  5
 119  194  3
 146  194  3
 149  194  2
 196  194  2
 204  194  5
 245  194  2
 284  194  2
 118  195  3
 185  195  4
 205  195  5
 208  195  2
 4  196  3
 5  196  1
 146  196  1
 149  196  3
 227  196  1
 245  196  4
 284  196  2
 4  197  1
 5  197  1
 201  197  1
 4  198  4
 5  198  8
 134  198  2
 155  198  3
 160  198  8
 161  198  5
 179  198  7
 180  198  4
 220  198  3
 231  198  2
 233  198  4
 238  198  6
 246  198  6
 96  199  2
 150  199  1
 206  199  3
 226  199  1
 229  199  2
 149  200  2
 150  200  6
 151  200  6
 199  200  2
 203  200  4
 205  200  3
 208  200  8
 245  200  8
 284  200  3
 124  201  2
 134  201  2
 146  201  2
 149  201  2
 152  201  2
 160  201  1
 161  201  2
 179  201  2
 199  201  1
 220  201  1
 231  201  2
 239  201  1
 246  201  1
 283  201  2
 104  202  2
 112  202  1
 124  202  2
 204  202  1
 143  203  4
 150  203  3
 151  203  3
 206  203  3
 227  203  4
 229  203  4
 245  203  4
 284  203  3
 216  204  2
 219  204  3
 227  204  1
 143  205  1
 208  205  1
 226  205  4
 227  205  2
 251  205  4
 123  206  1
 140  206  1
 149  206  1
 151  206  1
 205  206  1
 208  206  1
 214  207  3
 218  207  3
 171  208  1
 226  208  3
 227  208  2
 21  210  1
 64  210  4
 107  210  2
 21  211  1
 131  211  1
 133  211  1
 194  211  1
 196  211  1
 212  211  1
 86  212  2
 138  212  2
 236  212  2
 68  213  2
 90  213  3
 138  213  3
 237  213  3
 9  214  5
 10  214  2
 49  214  2
 91  214  5
 172  214  4
 194  214  3
 196  214  1
 211  214  4
 215  214  5
 218  214  5
 9  215  1
 73  215  2
 134  215  6
 194  215  6
 196  215  3
 240  215  4
 64  216  2
 114  216  1
 150  216  7
 192  216  2
 150  217  8
 216  217  8
 240  217  4
 186  218  3
 219  218  3
 10  219  3
 43  219  7
 68  219  1
 91  219  2
 186  219  2
 194  219  1
 196  219  6
 211  219  4
 215  219  7
 134  220  4
 146  220  1
 149  220  6
 161  220  6
 179  220  7
 180  220  5
 188  220  2
 197  220  3
 205  220  5
 208  220  8
 231  220  6
 233  220  6
 238  220  2
 246  220  9
 283  220  3
 188  221  2
 205  221  1
 257  221  1
 98  222  7
 167  222  4
 168  222  4
 188  222  3
 205  222  1
 208  222  6
 285  222  3
 105  223  7
 113  224  1
 102  225  1
 207  226  4
 217  226  6
 195  227  1
 200  227  3
 229  227  4
 230  227  2
 98  228  1
 154  228  3
 166  228  1
 167  228  2
 168  228  3
 177  228  3
 200  228  3
 203  228  3
 254  228  3
 285  228  1
 230  229  9
 157  232  2
 158  232  1
 162  232  3
 163  232  1
 169  232  1
 181  232  3
 182  232  2
 193  232  1
 205  232  2
 208  232  2
 231  232  3
 233  232  2
 234  232  2
 239  232  2
 246  232  2
 43  233  3
 126  233  4
 138  233  4
 173  233  4
 112  234  2
 169  234  1
 180  234  1
 181  234  1
 204  234  1
 205  234  2
 208  234  2
 233  234  1
 238  234  1
 239  234  1
 246  234  2
 263  234  1
 264  234  1
 285  234  1
 158  235  5
 159  235  4
 163  235  4
 169  235  1
 170  235  5
 182  235  3
 193  235  4
 233  235  4
 246  235  3
 276  235  6
 9  236  5
 94  236  1
 10  237  1
 88  237  1
 192  239  2
 205  239  2
 208  239  1
 238  239  2
 246  239  1
 283  239  2
 96  242  1
 143  245  1
 192  245  1
 284  245  1
 285  245  1
 205  246  1
 208  246  3
 245  246  2
 172  247  2
 186  247  2
 280  247  1
 249  248  4
 153  250  1
 154  250  1
 166  250  2
 177  250  1
 254  250  2
 278  250  3
 285  250  1
 196  251  1
 205  253  6
 208  253  5
 221  253  2
 246  253  6
 257  253  5
 126  254  3
 138  254  3
 173  254  3
 178  254  2
 126  255  2
 138  255  2
 173  255  5
 171  256  5
 229  256  2
 230  256  1
 258  256  6
 171  257  5
 185  257  4
 208  257  2
 229  258  5
 230  258  7
 260  259  3
 126  263  1
 173  263  1
 126  264  4
 173  264  1
 126  265  2
 173  265  8
 126  266  1
 173  266  3
 126  267  3
 173  267  7
 126  268  1
 173  268  1
 153  269  1
 165  269  2
 247  269  3
 254  269  3
 275  269  3
 278  269  1
 279  269  1
 285  269  2
 159  270  3
 163  270  4
 164  270  1
 169  270  2
 170  270  6
 189  270  4
 193  270  2
 246  270  4
 271  270  4
 276  270  6
 279  270  5
 170  271  1
 164  272  6
 170  272  7
 189  272  8
 193  272  5
 246  272  2
 271  272  4
 273  272  8
 277  272  8
 279  272  1
 285  272  1
 170  273  8
 165  274  1
 170  274  2
 247  274  7
 254  274  2
 273  274  7
 275  274  3
 277  274  2
 279  274  1
 285  274  8
 279  275  2
 169  276  7
 182  276  4
 183  276  1
 193  276  7
 246  276  2
 264  276  4
 265  276  5
 266  276  6
 285  276  1
 164  277  1
 170  277  1
 189  277  1
 193  277  1
 246  277  1
 266  277  1
 267  277  1
 268  277  1
 280  277  1
 284  277  1
 285  277  1
 170  278  6
 176  278  9
 247  278  5
 268  278  5
 279  278  5
 281  278  6
 282  278  5
 285  278  4
 189  280  1
 246  283  2
 246  284  3
