453 2040
9 6 
9 2 
4 9 
9 10 
5 2 
8 8 
9 6 
9 6 
1 6 
7 6 
6 3 
5 5 
4 7 
7 10 
1 2 
10 2 
2 3 
1 7 
7 8 
4 9 
8 5 
8 9 
9 5 
8 2 
1 8 
5 6 
1 10 
9 7 
7 9 
6 10 
1 10 
7 5 
9 2 
9 4 
8 9 
1 7 
9 3 
9 2 
6 9 
8 3 
8 6 
2 3 
8 6 
6 10 
8 6 
10 5 
8 4 
5 10 
10 10 
2 10 
1 4 
1 10 
2 9 
7 7 
2 7 
2 5 
10 9 
1 5 
5 10 
2 9 
5 8 
10 4 
10 3 
1 3 
6 3 
6 9 
5 7 
8 6 
7 10 
4 10 
8 9 
9 4 
3 7 
1 8 
4 3 
8 4 
10 2 
8 4 
9 4 
3 2 
3 7 
9 3 
6 8 
2 6 
7 10 
6 7 
1 3 
4 8 
5 8 
2 4 
3 7 
5 4 
4 2 
3 5 
7 7 
10 8 
3 4 
5 10 
6 6 
6 4 
1 7 
10 8 
3 7 
2 10 
8 6 
10 5 
8 5 
9 2 
10 4 
9 5 
1 6 
1 4 
9 9 
9 4 
8 6 
9 10 
6 2 
5 3 
6 3 
7 2 
2 6 
3 3 
5 4 
7 7 
2 10 
3 3 
9 4 
8 5 
2 9 
2 7 
7 2 
1 4 
7 4 
6 4 
6 7 
3 9 
7 2 
9 3 
10 3 
8 9 
10 4 
4 3 
5 3 
10 6 
10 6 
2 10 
9 4 
1 9 
5 4 
6 4 
8 4 
5 10 
3 7 
10 6 
2 4 
8 7 
8 8 
6 4 
6 3 
5 4 
7 4 
4 10 
6 2 
2 5 
9 10 
5 10 
4 8 
4 7 
6 8 
5 7 
6 6 
2 2 
9 3 
2 9 
4 7 
6 2 
6 10 
7 3 
8 6 
6 8 
4 7 
5 6 
2 5 
4 3 
10 8 
9 5 
1 5 
9 7 
8 4 
8 9 
10 3 
6 4 
3 4 
9 9 
2 3 
5 2 
1 3 
10 10 
7 6 
8 6 
10 4 
5 8 
5 6 
1 7 
8 8 
9 9 
9 4 
3 8 
4 5 
1 10 
2 4 
6 8 
8 8 
6 3 
3 6 
3 6 
3 4 
7 5 
8 3 
3 6 
2 9 
6 8 
6 9 
8 2 
1 6 
1 9 
6 4 
7 5 
5 3 
4 8 
7 3 
5 10 
3 5 
2 10 
3 7 
3 6 
7 2 
5 10 
9 8 
4 2 
5 6 
8 10 
9 4 
10 10 
4 5 
7 10 
7 9 
1 10 
6 8 
6 6 
6 5 
8 8 
6 8 
5 6 
6 10 
7 4 
7 6 
1 9 
1 9 
7 2 
10 2 
7 9 
5 3 
2 8 
1 9 
6 7 
1 2 
5 5 
4 10 
1 5 
1 9 
5 2 
9 4 
4 2 
1 2 
7 10 
6 9 
9 8 
4 9 
6 7 
2 3 
5 8 
1 3 
8 8 
10 6 
3 5 
8 8 
9 8 
3 5 
4 6 
4 9 
8 10 
4 5 
6 10 
6 6 
5 8 
7 9 
3 5 
1 7 
6 10 
6 10 
10 3 
3 10 
7 2 
9 7 
9 9 
3 10 
5 3 
4 7 
8 5 
2 10 
4 7 
4 10 
7 7 
7 5 
1 3 
8 5 
5 2 
10 5 
3 5 
4 2 
4 7 
10 10 
1 6 
8 4 
10 4 
8 2 
6 6 
8 7 
5 9 
5 2 
6 8 
5 5 
6 7 
4 2 
7 7 
6 8 
2 7 
8 10 
9 5 
5 8 
10 6 
4 3 
2 5 
10 8 
10 8 
1 5 
8 4 
5 9 
5 7 
2 10 
2 7 
1 3 
3 2 
2 6 
3 5 
1 4 
1 5 
7 9 
1 4 
6 9 
5 7 
9 3 
1 4 
10 4 
5 2 
10 7 
6 7 
10 9 
4 3 
2 5 
1 9 
4 10 
10 3 
7 6 
1 4 
6 2 
8 5 
8 8 
2 6 
1 9 
3 7 
6 10 
4 5 
10 7 
2 9 
6 10 
9 6 
9 10 
3 7 
10 8 
6 5 
10 4 
6 4 
3 3 
2 4 
4 4 
10 9 
3 7 
1 4 
3 3 
1 7 
5 2 
7 9 
7 10 
1 8 
1 3 
9 4 
3 9 
8 9 
10 3 
3 6 
8 8 
3 5 
3 7 
8 6 
3 5 
4 4 
9 10 
7 5 
4 4 
9 8 
6 9 
1 7 
8 9 
10 7 
9 10 
4 5 
3 7 
2 4 
10 6 
3 7 
5 10 
8 7 
5 10 
5 6 
10 2 
1 9 
5 7 
8 10 
5 3 
1 5 
7 3 
2 9 
3 4 
1 6 
3 8 
6 6 
7 6 
1 6 
7 5 
5 3 
3 3 
 186  1  4
 207  1  2
 218  1  2
 227  1  2
 228  1  3
 229  1  1
 230  1  4
 3  2  1
 186  2  1
 408  2  1
 7  3  4
 186  3  1
 238  3  1
 243  3  3
 408  3  3
 6  4  2
 145  4  3
 147  4  1
 241  4  5
 243  4  3
 404  4  2
 148  5  1
 186  5  1
 7  6  2
 61  6  4
 108  6  2
 157  6  1
 158  6  3
 159  6  3
 167  6  4
 169  6  5
 170  6  4
 220  6  4
 222  6  4
 227  6  2
 228  6  1
 241  6  2
 243  6  3
 245  6  1
 350  6  5
 360  6  5
 374  6  2
 408  6  2
 426  6  1
 428  6  5
 68  7  3
 99  7  1
 145  7  2
 147  7  3
 227  7  5
 228  7  5
 238  7  1
 243  7  2
 15  8  3
 23  8  4
 352  8  2
 353  8  5
 12  9  3
 16  9  4
 176  9  3
 182  9  2
 299  10  1
 300  10  3
 386  10  4
 387  10  2
 408  10  1
 449  10  5
 451  10  2
 299  11  1
 300  11  2
 383  11  1
 384  11  2
 408  11  1
 176  12  2
 182  12  3
 249  12  4
 89  13  5
 112  13  1
 153  13  4
 186  13  3
 193  13  2
 205  13  5
 231  13  5
 145  14  3
 147  14  2
 202  14  3
 205  14  1
 371  14  2
 376  14  5
 408  14  3
 352  15  1
 353  15  1
 356  15  1
 17  16  1
 176  16  1
 182  16  1
 18  17  2
 176  17  2
 182  17  1
 18  18  5
 19  18  2
 176  18  4
 182  18  1
 352  18  3
 354  18  1
 20  19  1
 352  19  2
 354  19  3
 21  20  1
 352  20  1
 354  20  2
 22  21  3
 352  21  1
 354  21  1
 23  22  5
 352  22  2
 354  22  4
 352  23  4
 353  23  2
 354  23  2
 102  24  1
 186  24  1
 227  24  1
 228  24  1
 287  24  1
 103  25  1
 186  25  1
 227  25  5
 228  25  3
 289  25  3
 105  26  5
 186  26  1
 227  26  2
 228  26  5
 292  26  5
 39  27  3
 186  27  5
 227  27  1
 228  27  2
 229  27  4
 230  27  2
 392  27  4
 31  28  4
 44  28  1
 186  28  2
 227  28  5
 228  28  4
 229  28  1
 230  28  2
 30  29  2
 76  29  4
 186  29  4
 227  29  1
 228  29  1
 90  30  1
 153  30  3
 227  30  4
 228  30  3
 89  31  4
 186  31  2
 205  31  5
 212  31  3
 76  32  2
 155  32  2
 186  32  4
 298  32  2
 392  32  3
 37  33  1
 145  33  1
 147  33  1
 153  33  1
 390  33  1
 408  33  1
 166  34  3
 186  34  2
 371  34  3
 372  34  3
 399  35  4
 437  35  5
 37  36  5
 45  36  2
 145  36  1
 147  36  3
 229  36  2
 230  36  5
 145  37  1
 147  37  1
 44  38  1
 88  38  1
 153  38  1
 427  38  1
 39  39  2
 153  39  4
 227  39  2
 228  39  4
 229  39  2
 230  39  3
 427  39  3
 117  40  2
 118  40  2
 173  40  1
 174  40  1
 186  40  2
 77  41  4
 79  41  1
 186  41  1
 227  41  5
 228  41  4
 43  42  2
 49  42  2
 155  42  2
 186  42  1
 227  42  1
 228  42  2
 155  43  5
 186  43  5
 396  43  5
 227  44  4
 228  44  5
 229  44  4
 230  44  5
 155  45  4
 186  45  1
 229  45  4
 230  45  5
 297  45  3
 298  45  2
 104  46  2
 186  46  1
 227  46  4
 228  46  3
 288  46  2
 107  47  3
 186  47  3
 227  47  3
 228  47  3
 291  47  1
 106  48  2
 186  48  1
 227  48  5
 228  48  1
 290  48  1
 153  49  3
 155  49  5
 227  49  1
 228  49  1
 422  49  2
 186  50  2
 227  50  2
 228  50  4
 261  50  2
 406  50  2
 72  51  1
 186  51  1
 359  51  1
 447  51  1
 69  52  4
 71  52  2
 186  52  1
 312  52  1
 446  52  1
 54  53  2
 145  53  3
 147  53  5
 150  53  2
 154  53  5
 426  53  3
 145  54  2
 147  54  1
 150  55  3
 154  55  4
 426  55  1
 123  56  2
 153  56  2
 217  56  3
 274  56  4
 433  56  2
 61  57  2
 153  57  2
 186  57  5
 250  57  5
 59  58  4
 60  58  2
 145  58  4
 147  58  4
 153  58  2
 198  58  3
 408  58  2
 70  59  1
 145  59  1
 147  59  1
 153  59  4
 408  59  4
 124  60  3
 145  60  3
 147  60  5
 198  60  1
 365  60  1
 408  60  3
 153  61  5
 186  61  2
 220  61  5
 222  61  4
 63  62  3
 124  62  2
 125  62  2
 128  62  1
 132  62  2
 145  62  3
 147  62  1
 205  62  1
 248  62  2
 408  62  1
 145  63  2
 147  63  1
 205  63  1
 364  63  2
 408  63  2
 65  64  1
 186  64  2
 227  64  1
 228  64  1
 413  64  2
 227  65  1
 228  65  1
 67  66  2
 164  66  1
 186  66  3
 408  66  5
 186  67  2
 408  67  5
 91  68  2
 108  68  5
 109  68  2
 145  68  5
 147  68  3
 227  68  2
 228  68  1
 229  68  1
 230  68  2
 71  69  2
 186  69  3
 312  69  5
 446  69  2
 125  70  2
 145  70  4
 147  70  1
 186  70  5
 205  70  2
 208  70  2
 408  70  2
 186  71  5
 312  71  1
 373  71  3
 186  72  2
 359  72  2
 146  73  2
 147  73  1
 281  73  1
 348  73  1
 349  73  2
 426  73  5
 340  74  1
 342  74  4
 383  74  4
 408  74  4
 444  74  3
 445  74  4
 449  74  3
 100  75  2
 155  75  2
 186  75  2
 298  75  1
 392  75  2
 186  76  1
 155  77  1
 227  77  1
 228  77  1
 298  77  1
 422  77  1
 79  78  3
 155  78  2
 173  78  2
 174  78  1
 270  78  1
 343  78  2
 173  79  2
 174  79  3
 186  79  3
 81  80  1
 156  80  1
 186  80  1
 229  80  1
 230  80  1
 233  80  1
 272  80  1
 273  80  1
 83  81  1
 186  81  3
 229  81  4
 230  81  1
 233  81  2
 272  81  4
 273  81  4
 84  82  1
 85  82  1
 186  82  2
 229  82  2
 230  82  2
 233  82  1
 272  82  1
 273  82  2
 84  83  2
 186  83  3
 229  83  3
 230  83  2
 233  83  2
 272  83  2
 273  83  3
 186  84  5
 229  84  1
 230  84  4
 233  84  1
 272  84  4
 273  84  5
 101  85  4
 153  85  1
 186  85  2
 229  85  5
 230  85  1
 233  85  5
 89  86  1
 121  86  5
 165  86  5
 227  86  5
 228  86  1
 268  86  3
 90  87  2
 100  87  1
 153  87  1
 227  87  1
 228  87  2
 153  88  1
 186  88  4
 201  88  4
 202  88  2
 211  88  4
 221  88  5
 231  88  1
 427  88  1
 90  89  5
 109  89  4
 114  89  2
 116  89  2
 153  89  5
 165  89  5
 171  89  4
 186  89  5
 193  89  2
 198  89  4
 205  89  2
 207  89  1
 208  89  5
 212  89  1
 214  89  4
 217  89  5
 223  89  4
 224  89  2
 227  89  4
 228  89  1
 229  89  1
 230  89  3
 231  89  5
 268  89  4
 269  89  1
 277  89  5
 282  89  2
 389  89  4
 392  89  4
 395  89  3
 409  89  1
 436  89  3
 153  90  1
 205  90  1
 214  90  1
 186  91  2
 417  91  1
 146  92  1
 147  92  3
 186  92  1
 408  92  2
 145  93  1
 147  93  1
 301  93  1
 303  93  1
 412  93  1
 440  93  1
 443  93  1
 95  94  1
 150  94  1
 152  94  3
 186  94  1
 285  94  1
 408  94  3
 186  95  3
 408  95  5
 153  96  5
 155  96  1
 172  96  1
 220  96  4
 229  96  3
 230  96  3
 414  96  3
 98  97  3
 144  97  3
 186  97  3
 408  97  1
 186  98  3
 229  98  3
 230  98  3
 432  98  1
 193  99  1
 220  99  4
 227  99  5
 228  99  1
 427  99  4
 186  100  3
 227  100  3
 228  100  1
 119  101  1
 153  101  4
 278  101  5
 426  101  2
 155  102  2
 227  102  4
 228  102  3
 298  102  5
 402  102  3
 155  103  5
 227  103  1
 228  103  3
 298  103  3
 309  103  4
 155  104  4
 227  104  5
 228  104  5
 298  104  4
 337  104  3
 155  105  2
 227  105  5
 228  105  4
 280  105  5
 298  105  3
 155  106  4
 227  106  3
 228  106  1
 298  106  2
 401  106  3
 155  107  1
 227  107  3
 228  107  2
 298  107  2
 394  107  4
 145  108  1
 147  108  1
 227  108  1
 228  108  1
 360  108  1
 408  108  1
 428  108  1
 205  109  1
 227  109  3
 228  109  3
 229  109  3
 230  109  2
 269  109  3
 145  110  2
 147  110  1
 266  110  3
 408  110  3
 417  110  2
 432  110  2
 129  111  3
 153  111  2
 186  111  4
 190  111  1
 231  111  5
 130  112  1
 153  112  1
 186  112  2
 231  112  3
 186  113  3
 262  113  3
 452  113  3
 153  114  3
 205  114  2
 436  114  1
 120  115  3
 186  115  1
 296  115  3
 365  115  1
 117  116  4
 171  116  4
 186  116  2
 205  116  2
 227  116  1
 228  116  5
 186  117  1
 227  117  1
 228  117  1
 173  118  2
 174  118  2
 186  118  2
 278  119  2
 316  119  2
 426  119  1
 427  119  1
 233  120  1
 385  120  1
 157  121  3
 227  121  1
 228  121  1
 145  122  1
 147  122  1
 198  122  1
 199  122  2
 229  122  2
 230  122  2
 408  122  1
 225  123  3
 274  123  3
 433  123  2
 128  124  2
 131  124  5
 132  124  4
 135  124  1
 365  124  2
 426  124  2
 128  125  4
 145  125  3
 147  125  4
 186  125  2
 205  125  5
 208  125  3
 248  125  3
 408  125  2
 133  126  1
 146  126  2
 147  126  1
 408  126  2
 128  127  3
 143  127  2
 186  127  1
 220  127  3
 231  127  3
 275  127  1
 332  127  2
 335  127  3
 344  127  3
 376  127  2
 132  128  1
 134  128  4
 143  128  4
 145  128  3
 147  128  3
 186  128  1
 205  128  4
 210  128  4
 216  128  3
 220  128  1
 229  128  2
 230  128  4
 231  128  1
 248  128  4
 275  128  4
 344  128  2
 376  128  4
 408  128  1
 441  128  2
 186  129  3
 229  129  2
 230  129  5
 445  129  1
 186  130  1
 229  130  1
 230  130  2
 449  130  5
 135  131  1
 426  131  1
 186  132  2
 188  132  2
 146  133  1
 147  133  2
 408  133  2
 210  134  1
 216  134  3
 136  135  4
 146  135  4
 147  135  4
 167  135  3
 183  135  2
 186  135  2
 205  135  5
 208  135  2
 250  135  2
 299  135  5
 304  135  1
 383  135  1
 406  135  5
 407  135  3
 426  135  3
 145  136  2
 147  136  1
 186  136  2
 205  136  3
 208  136  4
 248  136  4
 376  136  1
 408  136  1
 426  136  4
 141  137  1
 184  137  1
 186  137  1
 205  137  1
 448  137  1
 138  138  1
 232  138  1
 141  139  1
 142  139  2
 229  139  2
 230  139  1
 153  140  3
 160  140  2
 168  140  1
 186  140  2
 229  140  5
 230  140  5
 186  141  1
 229  141  2
 230  141  3
 448  141  2
 229  142  1
 230  142  1
 145  143  2
 147  143  1
 205  143  2
 229  143  1
 230  143  1
 332  143  2
 335  143  1
 349  143  2
 408  143  1
 157  144  2
 186  144  5
 408  144  4
 417  144  3
 145  145  5
 146  145  1
 147  145  4
 149  145  4
 152  145  2
 153  145  1
 154  145  2
 155  145  3
 158  145  5
 159  145  5
 162  145  1
 164  145  2
 167  145  3
 175  145  1
 176  145  1
 183  145  3
 184  145  4
 185  145  3
 186  145  2
 198  145  5
 202  145  1
 205  145  3
 206  145  4
 208  145  5
 211  145  2
 231  145  4
 235  145  2
 236  145  4
 237  145  4
 238  145  1
 244  145  5
 245  145  4
 248  145  2
 258  145  1
 259  145  1
 285  145  2
 300  145  3
 303  145  2
 306  145  3
 311  145  5
 318  145  3
 320  145  5
 321  145  3
 322  145  5
 323  145  1
 324  145  5
 325  145  4
 326  145  5
 327  145  5
 328  145  3
 329  145  3
 332  145  2
 333  145  3
 334  145  3
 335  145  2
 336  145  1
 342  145  3
 349  145  4
 364  145  4
 368  145  1
 370  145  3
 371  145  3
 373  145  5
 376  145  1
 390  145  2
 399  145  2
 404  145  3
 405  145  3
 408  145  3
 409  145  1
 416  145  1
 417  145  5
 422  145  2
 424  145  5
 425  145  4
 427  145  1
 430  145  5
 431  145  1
 432  145  5
 441  145  1
 444  145  1
 451  145  5
 147  146  4
 155  146  5
 158  146  4
 159  146  1
 164  146  4
 167  146  1
 176  146  2
 183  146  2
 184  146  4
 186  146  4
 188  146  5
 196  146  2
 197  146  1
 198  146  1
 200  146  3
 205  146  4
 208  146  2
 231  146  3
 246  146  4
 295  146  5
 298  146  5
 299  146  1
 300  146  2
 302  146  4
 348  146  3
 365  146  5
 405  146  4
 408  146  2
 413  146  4
 414  146  5
 419  146  2
 426  146  1
 147  147  2
 149  147  1
 152  147  3
 153  147  1
 154  147  1
 155  147  2
 158  147  2
 159  147  3
 162  147  3
 164  147  2
 167  147  2
 173  147  3
 175  147  2
 176  147  1
 183  147  3
 184  147  1
 185  147  1
 186  147  3
 196  147  1
 197  147  2
 198  147  3
 200  147  2
 202  147  1
 205  147  1
 206  147  1
 208  147  3
 211  147  3
 216  147  2
 231  147  2
 235  147  1
 236  147  1
 237  147  2
 238  147  2
 244  147  1
 245  147  3
 246  147  2
 248  147  3
 258  147  1
 259  147  2
 273  147  3
 285  147  3
 295  147  2
 298  147  1
 300  147  1
 303  147  2
 306  147  3
 311  147  1
 318  147  2
 320  147  3
 321  147  1
 322  147  3
 323  147  2
 324  147  2
 325  147  3
 326  147  1
 327  147  1
 328  147  3
 329  147  3
 332  147  1
 333  147  3
 334  147  2
 335  147  2
 336  147  2
 342  147  1
 348  147  1
 349  147  2
 364  147  1
 368  147  1
 370  147  2
 371  147  3
 373  147  1
 376  147  2
 390  147  3
 399  147  1
 404  147  3
 408  147  1
 409  147  3
 413  147  2
 414  147  3
 416  147  3
 417  147  1
 419  147  2
 422  147  3
 424  147  2
 425  147  3
 426  147  2
 427  147  3
 430  147  2
 431  147  1
 432  147  2
 438  147  3
 441  147  3
 444  147  2
 451  147  3
 148  148  2
 186  148  1
 152  149  3
 154  149  2
 186  149  2
 323  149  3
 352  149  3
 355  149  1
 412  149  1
 429  149  3
 152  150  2
 154  150  1
 285  150  3
 426  150  1
 154  151  3
 285  151  2
 426  151  2
 285  152  3
 318  152  1
 155  153  3
 168  153  5
 173  153  5
 174  153  3
 186  153  4
 190  153  5
 205  153  5
 208  153  2
 217  153  3
 220  153  3
 227  153  5
 228  153  4
 229  153  5
 230  153  2
 231  153  3
 233  153  1
 244  153  3
 265  153  1
 270  153  5
 271  153  5
 276  153  4
 277  153  3
 282  153  2
 286  153  2
 306  153  3
 311  153  1
 370  153  2
 385  153  2
 389  153  3
 390  153  2
 391  153  5
 392  153  2
 395  153  5
 407  153  4
 408  153  4
 414  153  2
 415  153  5
 421  153  2
 422  153  1
 427  153  4
 205  154  3
 208  154  3
 231  154  4
 245  154  2
 285  154  4
 352  154  1
 355  154  2
 408  154  1
 426  154  4
 176  155  1
 184  155  3
 186  155  1
 215  155  2
 220  155  1
 227  155  3
 228  155  3
 264  155  2
 267  155  1
 270  155  1
 271  155  2
 276  155  1
 277  155  2
 280  155  1
 295  155  1
 297  155  2
 298  155  2
 309  155  1
 317  155  3
 337  155  2
 343  155  1
 368  155  1
 370  155  2
 382  155  3
 388  155  1
 392  155  2
 394  155  2
 401  155  2
 402  155  2
 408  155  1
 409  155  2
 413  155  1
 414  155  3
 422  155  3
 426  155  3
 434  155  1
 435  155  3
 437  155  2
 272  156  4
 273  156  4
 159  157  3
 169  157  5
 170  157  4
 186  157  1
 227  157  5
 228  157  2
 408  157  5
 417  157  3
 159  158  1
 350  158  1
 374  158  3
 161  159  1
 164  159  1
 169  159  1
 170  159  1
 186  159  1
 231  159  2
 164  160  3
 186  160  3
 229  160  1
 230  160  1
 186  161  2
 231  161  2
 259  161  3
 295  161  3
 164  162  3
 186  162  1
 393  162  5
 404  162  2
 238  163  1
 243  163  1
 245  163  1
 426  163  1
 229  164  4
 230  164  3
 405  164  1
 268  165  3
 186  166  2
 361  166  2
 362  166  2
 371  166  3
 427  166  4
 168  167  4
 169  167  4
 170  167  2
 431  167  2
 170  168  4
 229  168  2
 230  168  3
 170  169  1
 205  171  2
 382  171  4
 427  171  4
 173  172  1
 174  172  1
 229  172  1
 230  172  1
 434  172  1
 174  173  1
 175  173  1
 186  173  1
 280  173  2
 285  173  2
 286  173  2
 287  173  2
 288  173  2
 289  173  1
 290  173  2
 291  173  1
 292  173  2
 309  173  2
 337  173  1
 365  173  1
 370  173  2
 374  173  1
 388  173  2
 394  173  2
 396  173  1
 401  173  2
 402  173  1
 414  173  2
 426  173  1
 434  173  1
 435  173  2
 186  174  2
 280  174  1
 285  174  3
 286  174  4
 287  174  1
 288  174  2
 289  174  1
 290  174  3
 291  174  2
 292  174  4
 309  174  3
 337  174  3
 365  174  4
 370  174  3
 374  174  4
 388  174  4
 394  174  3
 396  174  2
 401  174  4
 402  174  1
 414  174  3
 434  174  4
 435  174  3
 426  175  3
 430  175  2
 182  176  1
 183  176  1
 184  176  1
 186  176  1
 188  176  1
 198  176  1
 249  176  1
 295  176  1
 298  176  1
 302  176  1
 408  176  1
 420  176  1
 426  176  1
 435  176  1
 437  176  1
 180  177  3
 229  177  1
 230  177  5
 330  177  3
 179  178  1
 181  178  2
 229  178  1
 230  178  2
 182  179  5
 186  179  2
 229  180  4
 230  180  1
 229  181  2
 230  181  4
 186  182  1
 249  182  2
 186  183  3
 188  183  1
 205  183  1
 208  183  2
 229  183  2
 230  183  4
 231  183  1
 246  183  2
 310  183  1
 383  183  4
 426  183  1
 186  184  2
 188  184  1
 198  184  2
 205  184  2
 295  184  1
 298  184  1
 302  184  2
 310  184  1
 347  184  2
 408  184  2
 435  184  2
 437  184  2
 185  185  4
 186  185  4
 187  185  5
 233  185  2
 234  185  4
 306  185  2
 408  185  3
 453  185  4
 186  186  3
 187  186  1
 188  186  2
 190  186  4
 191  186  3
 194  186  3
 195  186  3
 197  186  4
 198  186  2
 201  186  4
 202  186  1
 203  186  1
 204  186  1
 205  186  1
 207  186  2
 208  186  3
 210  186  2
 211  186  2
 213  186  2
 215  186  3
 216  186  4
 217  186  2
 219  186  3
 220  186  3
 221  186  3
 226  186  2
 227  186  4
 228  186  3
 229  186  4
 230  186  2
 231  186  4
 233  186  2
 238  186  2
 239  186  2
 243  186  4
 246  186  2
 247  186  3
 251  186  3
 252  186  1
 253  186  4
 254  186  3
 255  186  2
 256  186  1
 259  186  1
 260  186  1
 261  186  1
 262  186  3
 269  186  3
 272  186  4
 273  186  2
 279  186  4
 283  186  3
 284  186  1
 285  186  1
 286  186  3
 287  186  3
 288  186  2
 289  186  3
 290  186  3
 291  186  3
 292  186  1
 293  186  4
 294  186  3
 295  186  4
 296  186  3
 297  186  3
 298  186  2
 299  186  3
 300  186  2
 302  186  2
 305  186  4
 306  186  1
 307  186  2
 308  186  4
 310  186  4
 311  186  1
 312  186  3
 313  186  4
 314  186  3
 315  186  4
 317  186  3
 318  186  4
 319  186  2
 323  186  3
 324  186  4
 330  186  2
 331  186  4
 334  186  3
 335  186  3
 336  186  3
 338  186  1
 339  186  2
 341  186  4
 342  186  2
 345  186  2
 346  186  1
 347  186  3
 359  186  2
 363  186  3
 365  186  4
 369  186  3
 371  186  2
 373  186  2
 375  186  1
 376  186  2
 381  186  4
 382  186  2
 383  186  3
 384  186  4
 386  186  4
 387  186  4
 389  186  2
 392  186  4
 393  186  1
 396  186  4
 400  186  1
 404  186  3
 408  186  1
 409  186  3
 410  186  4
 411  186  1
 412  186  2
 413  186  1
 416  186  2
 417  186  4
 418  186  1
 419  186  1
 420  186  4
 426  186  3
 427  186  1
 429  186  1
 431  186  3
 435  186  4
 436  186  1
 438  186  4
 439  186  2
 440  186  4
 442  186  2
 443  186  3
 446  186  4
 447  186  1
 448  186  4
 449  186  1
 450  186  3
 451  186  4
 452  186  1
 226  187  3
 233  187  4
 234  187  2
 363  187  2
 371  187  1
 376  187  3
 381  187  2
 382  187  4
 411  187  4
 423  187  4
 425  187  1
 198  188  1
 227  188  3
 228  188  2
 229  188  5
 230  188  4
 231  188  1
 246  188  3
 302  188  3
 408  188  1
 361  189  3
 362  189  3
 427  189  1
 231  190  4
 227  191  1
 228  191  2
 286  191  2
 297  191  2
 293  192  3
 376  192  3
 205  193  3
 212  193  3
 220  193  2
 224  193  3
 376  193  1
 382  193  2
 391  193  2
 392  193  1
 427  193  3
 219  194  5
 260  194  5
 196  195  1
 217  195  1
 365  195  2
 450  195  2
 198  196  1
 200  196  1
 365  196  1
 426  196  1
 198  197  1
 205  197  1
 208  197  1
 231  197  1
 426  197  2
 200  198  1
 205  198  1
 208  198  3
 231  198  5
 261  198  1
 302  198  2
 311  198  2
 365  198  1
 408  198  2
 409  198  3
 426  198  1
 211  199  5
 227  199  1
 228  199  5
 229  199  2
 230  199  1
 408  199  2
 217  200  4
 311  200  1
 408  200  5
 426  200  4
 202  201  1
 210  201  1
 220  201  3
 231  201  3
 205  202  1
 220  202  3
 231  202  2
 267  202  3
 295  202  5
 408  202  3
 427  202  3
 439  202  2
 442  202  4
 231  203  3
 427  203  1
 442  203  3
 205  204  4
 213  204  4
 222  204  3
 233  204  1
 426  204  1
 206  205  3
 207  205  1
 208  205  4
 212  205  4
 213  205  1
 214  205  3
 217  205  1
 223  205  1
 224  205  2
 227  205  3
 228  205  4
 229  205  1
 230  205  2
 231  205  4
 245  205  4
 246  205  4
 263  205  3
 269  205  5
 282  205  3
 304  205  3
 311  205  3
 316  205  4
 347  205  1
 349  205  1
 364  205  1
 392  205  2
 397  205  5
 408  205  1
 409  205  3
 426  205  4
 427  205  4
 436  205  2
 441  205  1
 207  206  5
 229  206  3
 230  206  1
 408  206  5
 217  207  2
 227  207  3
 228  207  3
 229  207  2
 230  207  2
 408  207  3
 227  208  3
 228  208  4
 231  208  1
 245  208  3
 246  208  4
 304  208  2
 311  208  1
 316  208  2
 408  208  5
 426  208  5
 427  208  2
 231  209  4
 452  209  3
 216  210  1
 220  210  4
 272  210  5
 300  210  1
 227  211  3
 228  211  2
 229  211  1
 230  211  1
 231  211  1
 416  211  3
 391  212  4
 427  212  4
 227  215  4
 228  215  3
 298  215  3
 365  215  5
 382  215  5
 409  215  1
 273  216  1
 408  216  5
 426  216  1
 311  217  1
 408  217  2
 450  217  2
 218  218  3
 227  218  2
 228  218  3
 229  218  2
 230  218  1
 232  218  3
 260  219  1
 222  220  1
 231  220  5
 267  220  4
 269  220  5
 298  220  2
 376  220  4
 408  220  3
 414  220  4
 427  220  4
 439  220  3
 231  221  5
 293  221  3
 376  221  5
 408  221  1
 416  221  5
 233  222  1
 426  222  5
 282  223  2
 392  224  1
 427  224  1
 274  225  1
 433  225  2
 233  226  2
 363  226  5
 376  226  1
 228  227  2
 231  227  3
 239  227  1
 243  227  1
 246  227  3
 282  227  1
 285  227  2
 293  227  3
 295  227  3
 297  227  2
 357  227  3
 374  227  3
 381  227  2
 382  227  2
 389  227  1
 406  227  2
 408  227  3
 409  227  2
 413  227  1
 421  227  1
 422  227  1
 435  227  2
 436  227  3
 231  228  4
 239  228  2
 243  228  2
 246  228  2
 282  228  4
 285  228  3
 293  228  2
 295  228  1
 297  228  3
 357  228  3
 374  228  2
 381  228  3
 382  228  3
 389  228  3
 406  228  3
 408  228  3
 409  228  1
 413  228  2
 421  228  2
 422  228  3
 435  228  2
 436  228  1
 230  229  2
 231  229  1
 233  229  1
 285  229  2
 293  229  1
 295  229  2
 374  229  1
 389  229  1
 408  229  2
 432  229  2
 435  229  1
 436  229  2
 445  229  1
 449  229  2
 231  230  3
 233  230  5
 285  230  2
 293  230  2
 295  230  5
 374  230  3
 389  230  4
 408  230  2
 432  230  5
 435  230  5
 436  230  3
 445  230  1
 449  230  3
 245  231  1
 263  231  1
 275  231  1
 294  231  1
 295  231  1
 300  231  2
 304  231  1
 311  231  2
 316  231  2
 318  231  2
 319  231  2
 324  231  1
 335  231  1
 338  231  1
 339  231  1
 341  231  2
 342  231  2
 344  231  2
 365  231  1
 387  231  1
 397  231  2
 408  231  2
 427  231  2
 439  231  1
 442  231  2
 449  231  1
 451  231  1
 452  231  1
 232  232  2
 234  233  3
 282  233  3
 305  233  1
 363  233  3
 376  233  3
 381  233  1
 382  233  2
 385  233  1
 400  233  3
 423  233  4
 425  233  1
 426  233  2
 236  235  1
 237  235  2
 444  236  5
 240  238  3
 243  238  5
 244  238  4
 245  238  3
 249  238  3
 257  238  1
 334  238  1
 369  238  1
 378  238  4
 379  238  5
 410  238  3
 412  238  2
 426  238  3
 429  238  3
 443  238  1
 242  239  4
 243  239  1
 244  240  1
 249  240  1
 257  240  1
 355  240  1
 243  241  3
 245  243  1
 378  243  1
 379  243  1
 426  243  2
 257  244  3
 355  244  4
 407  244  2
 451  244  4
 408  245  2
 426  245  4
 247  246  1
 307  246  1
 426  246  5
 307  247  4
 376  248  4
 408  248  4
 257  249  5
 304  250  2
 426  250  3
 254  251  2
 255  251  3
 253  252  1
 255  252  2
 255  253  2
 255  254  4
 313  256  2
 314  256  2
 355  257  4
 259  258  3
 295  259  4
 311  261  1
 408  261  1
 397  263  2
 414  264  2
 434  264  4
 415  265  1
 316  266  3
 408  266  4
 417  266  1
 295  267  1
 298  267  1
 439  267  1
 408  269  2
 343  270  2
 391  270  3
 395  270  1
 298  271  1
 343  271  5
 395  271  1
 427  271  5
 273  272  1
 300  272  1
 408  273  1
 426  273  3
 433  274  1
 344  275  1
 343  276  3
 388  276  2
 392  276  3
 395  276  2
 343  277  2
 395  277  2
 437  277  3
 426  278  3
 317  279  2
 389  279  5
 289  280  3
 298  280  3
 349  281  2
 426  281  1
 385  282  2
 421  282  1
 284  283  2
 408  283  2
 408  284  4
 308  285  3
 373  285  1
 374  285  5
 375  285  1
 426  285  1
 309  286  3
 370  286  3
 337  287  4
 394  288  1
 414  290  4
 401  291  3
 402  292  4
 295  293  4
 357  293  1
 376  293  4
 295  294  5
 298  295  5
 408  295  5
 426  295  5
 439  295  4
 365  296  1
 298  297  1
 309  298  4
 317  298  4
 337  298  2
 343  298  4
 382  298  2
 392  298  1
 394  298  3
 401  298  3
 402  298  1
 408  298  4
 409  298  3
 422  298  3
 426  298  4
 300  299  1
 408  299  2
 426  299  4
 431  299  2
 387  300  2
 408  300  2
 431  300  1
 412  301  4
 440  301  4
 443  301  5
 365  302  2
 408  302  1
 426  303  1
 438  303  2
 316  304  1
 426  304  1
 427  304  1
 400  305  5
 306  306  5
 399  306  1
 408  306  5
 409  306  4
 422  306  1
 427  306  5
 375  308  1
 408  310  3
 408  311  5
 373  312  2
 446  312  2
 314  313  1
 315  314  3
 438  314  2
 438  315  4
 408  316  2
 421  316  2
 427  316  2
 409  317  3
 451  318  1
 449  319  2
 321  320  3
 322  320  3
 323  323  5
 324  323  2
 325  323  5
 412  323  3
 429  323  3
 335  324  3
 327  326  2
 328  326  1
 332  329  5
 333  329  5
 331  330  2
 335  332  5
 444  332  1
 335  334  5
 336  334  5
 369  334  5
 410  334  2
 412  334  5
 429  334  5
 443  334  1
 336  335  1
 342  335  1
 426  335  1
 426  336  2
 341  338  2
 342  339  5
 383  340  4
 408  340  1
 408  342  4
 449  342  1
 388  343  2
 437  343  1
 346  345  4
 348  345  5
 380  345  5
 408  345  3
 347  346  4
 408  346  5
 426  346  5
 426  347  1
 380  348  1
 408  349  5
 426  349  2
 366  351  3
 390  351  3
 426  351  3
 353  352  4
 354  352  3
 355  352  1
 356  352  5
 356  353  2
 426  358  3
 447  359  4
 408  360  2
 428  360  3
 362  361  4
 427  361  1
 427  362  1
 376  363  1
 408  364  2
 435  365  1
 390  366  1
 426  366  1
 390  367  3
 403  367  5
 370  368  3
 408  368  5
 410  369  1
 408  370  1
 376  371  4
 408  371  3
 411  371  2
 398  372  5
 373  373  5
 375  373  3
 382  376  3
 408  376  3
 427  376  1
 379  377  1
 379  378  2
 382  381  3
 408  381  3
 418  381  3
 389  382  4
 427  382  1
 435  382  1
 384  383  2
 408  383  3
 426  383  2
 431  383  3
 408  384  2
 431  384  1
 387  386  2
 408  386  2
 431  386  3
 408  387  1
 431  387  2
 396  388  2
 435  389  1
 403  390  5
 408  390  3
 426  390  2
 395  391  4
 427  391  4
 395  392  2
 427  392  2
 404  393  1
 427  395  2
 397  397  3
 408  399  5
 422  399  2
 407  406  2
 426  406  3
 426  407  2
 409  408  1
 416  408  2
 417  408  1
 418  408  2
 422  408  1
 426  408  3
 427  408  3
 428  408  2
 435  408  2
 437  408  3
 441  408  3
 444  408  1
 445  408  3
 449  408  3
 451  408  1
 427  409  4
 429  412  3
 439  412  3
 440  412  5
 443  412  2
 414  413  5
 426  413  3
 426  414  3
 434  414  4
 427  417  2
 426  420  1
 425  423  1
 425  424  3
 438  426  4
 439  427  3
 442  427  2
 436  435  1
 437  435  2
 440  439  1
 442  439  5
 443  439  4
 443  440  5
 445  444  3
 451  449  2
 453  453  2
