39 170
1 10 
9 6 
10 3 
8 8 
1 6 
8 6 
8 9 
5 9 
9 4 
3 3 
5 4 
5 10 
2 9 
7 6 
2 2 
2 10 
2 9 
5 6 
3 2 
3 9 
1 9 
4 3 
9 8 
2 2 
7 10 
5 9 
7 9 
6 9 
5 7 
9 3 
10 2 
1 9 
4 7 
1 6 
2 7 
9 7 
9 6 
8 7 
7 7 
 7  1  1
 8  1  3
 11  1  4
 12  1  4
 13  1  7
 22  1  3
 23  1  7
 34  1  4
 35  1  4
 37  1  1
 39  1  9
 7  2  5
 8  2  2
 9  2  2
 11  2  5
 12  2  3
 13  2  5
 22  2  2
 23  2  2
 35  2  2
 36  2  5
 39  2  4
 14  3  1
 15  3  1
 16  3  1
 17  3  2
 18  3  2
 36  3  1
 39  3  2
 17  4  2
 36  4  7
 37  4  2
 39  4  7
 6  5  5
 34  5  3
 35  5  3
 39  5  5
 7  6  4
 35  6  4
 39  6  5
 8  7  2
 9  7  6
 11  7  8
 12  7  4
 13  7  3
 35  7  5
 39  7  8
 9  8  4
 10  8  2
 20  8  3
 21  8  8
 22  8  8
 23  8  8
 24  8  6
 35  8  6
 38  8  4
 39  8  3
 10  9  3
 35  9  3
 36  9  3
 39  9  3
 35  10  1
 36  10  2
 39  10  2
 19  11  2
 35  11  1
 36  11  2
 39  11  1
 19  12  5
 26  12  9
 35  12  9
 36  12  5
 38  12  6
 39  12  3
 35  13  1
 36  13  3
 38  13  6
 39  13  8
 25  14  3
 26  14  4
 27  14  5
 28  14  3
 29  14  3
 36  14  5
 39  14  5
 19  15  1
 25  15  1
 26  15  1
 27  15  1
 28  15  1
 29  15  1
 36  15  1
 39  15  1
 19  16  3
 27  16  7
 36  16  4
 39  16  4
 36  17  7
 39  17  7
 19  18  3
 25  18  4
 26  18  5
 27  18  4
 29  18  3
 32  18  3
 36  18  2
 39  18  3
 33  19  1
 36  19  1
 38  19  1
 39  19  1
 36  20  1
 38  20  7
 39  20  4
 33  21  2
 36  21  4
 38  21  3
 39  21  5
 27  22  2
 28  22  2
 30  22  1
 31  22  2
 32  22  1
 33  22  1
 35  22  2
 36  22  2
 38  22  1
 39  22  2
 30  23  5
 32  23  1
 33  23  4
 35  23  7
 36  23  3
 38  23  3
 39  23  1
 36  24  1
 38  24  1
 39  24  1
 36  25  4
 38  25  4
 39  25  1
 36  26  1
 38  26  6
 39  26  6
 30  27  1
 36  27  1
 38  27  7
 39  27  7
 36  28  5
 38  28  1
 39  28  5
 36  29  1
 38  29  2
 39  29  2
 36  30  2
 38  30  2
 39  30  2
 32  31  1
 36  31  1
 38  31  1
 39  31  1
 36  32  2
 38  32  1
 39  32  8
 36  33  1
 38  33  5
 39  33  1
 37  34  3
 36  35  4
 37  35  2
