62 159
7 10 
6 2 
3 4 
2 7 
1 3 
5 4 
7 8 
7 8 
9 5 
5 10 
1 3 
3 3 
4 9 
3 9 
7 6 
2 9 
8 10 
9 2 
10 10 
5 4 
3 4 
10 8 
10 8 
8 3 
6 8 
3 4 
2 4 
1 3 
10 3 
5 2 
8 6 
5 3 
4 4 
7 10 
2 10 
3 3 
2 3 
8 7 
3 9 
6 3 
5 7 
10 5 
10 4 
9 3 
1 6 
8 5 
7 10 
6 9 
9 5 
2 2 
6 10 
9 5 
3 4 
8 6 
10 7 
10 6 
5 9 
4 7 
7 9 
8 6 
3 3 
3 7 
 11  1  7
 15  1  2
 16  1  3
 41  1  3
 43  1  7
 48  1  7
 18  2  1
 20  2  1
 27  2  1
 28  2  1
 29  2  1
 37  2  1
 42  2  1
 55  2  1
 11  3  1
 43  3  1
 45  3  1
 62  3  3
 9  4  4
 15  4  1
 60  4  6
 52  5  2
 10  6  1
 14  6  1
 57  6  3
 58  6  2
 10  7  6
 14  7  7
 18  7  3
 55  7  5
 57  7  4
 58  7  4
 20  8  7
 28  8  3
 31  8  6
 41  8  7
 55  8  7
 21  9  3
 29  9  4
 38  9  1
 46  9  2
 60  9  4
 14  10  2
 18  10  9
 33  10  3
 42  10  3
 58  10  8
 30  11  2
 43  11  1
 48  11  2
 52  12  2
 34  13  5
 18  14  1
 33  14  7
 42  14  6
 55  14  7
 58  14  6
 17  15  3
 25  15  5
 34  15  2
 35  15  1
 38  15  2
 39  15  1
 41  15  4
 44  15  3
 51  15  5
 53  15  3
 19  16  3
 25  16  5
 41  16  1
 46  16  3
 56  16  5
 60  16  3
 21  17  4
 34  17  3
 38  17  3
 39  17  2
 51  17  2
 23  18  1
 26  18  1
 28  18  1
 32  18  1
 58  18  1
 21  19  7
 22  19  5
 25  19  1
 30  19  6
 46  19  3
 52  19  1
 31  20  3
 55  20  2
 29  21  1
 37  21  3
 39  21  2
 45  21  2
 48  21  3
 51  21  1
 30  22  2
 34  22  7
 38  22  7
 46  22  3
 52  22  6
 37  24  1
 46  24  2
 52  24  2
 30  25  6
 46  25  2
 52  25  4
 27  26  3
 28  26  3
 28  27  3
 31  29  1
 48  29  1
 36  30  1
 44  30  1
 46  30  1
 52  30  1
 53  30  1
 43  31  2
 48  31  4
 61  33  3
 35  34  2
 38  34  7
 39  34  6
 41  34  3
 44  34  9
 51  34  4
 38  35  7
 45  35  4
 50  35  3
 38  37  2
 40  37  1
 41  37  2
 60  37  1
 41  38  2
 44  38  3
 46  38  2
 62  38  2
 44  39  7
 45  39  8
 53  39  6
 59  39  3
 58  40  2
 53  41  6
 55  42  4
 58  42  1
 48  43  2
 51  43  2
 47  44  1
 54  44  2
 51  46  1
 52  46  3
 60  46  2
 50  47  2
 58  49  3
 52  51  9
 56  52  3
 62  54  1
 58  55  6
