221 925
4 3 
2 7 
6 4 
3 4 
7 6 
8 2 
1 3 
7 5 
3 6 
7 4 
1 3 
6 6 
4 3 
3 10 
8 3 
2 8 
2 2 
3 10 
1 2 
5 2 
4 3 
5 7 
5 5 
1 3 
9 5 
4 2 
9 6 
4 9 
9 8 
1 3 
4 3 
2 6 
9 8 
8 4 
7 10 
10 2 
6 10 
2 4 
3 2 
2 7 
10 8 
5 7 
7 2 
6 10 
5 3 
4 9 
6 5 
6 10 
3 8 
8 10 
8 3 
10 7 
9 8 
1 7 
8 3 
1 7 
7 5 
3 9 
3 4 
7 4 
10 3 
4 2 
2 3 
10 9 
3 10 
5 2 
6 4 
2 3 
1 10 
1 6 
7 5 
7 8 
6 3 
3 9 
2 6 
9 7 
10 7 
3 10 
7 4 
6 8 
7 3 
6 5 
4 8 
7 5 
1 6 
3 3 
1 8 
6 9 
1 5 
9 2 
2 3 
5 3 
10 10 
10 6 
6 7 
5 5 
3 5 
6 8 
7 6 
1 2 
3 4 
7 4 
3 6 
6 9 
2 2 
6 6 
6 3 
8 4 
4 8 
4 4 
10 3 
5 8 
10 4 
1 10 
2 6 
5 9 
7 2 
2 2 
10 9 
8 7 
6 7 
1 8 
6 4 
10 6 
1 8 
7 7 
1 2 
6 7 
10 7 
2 10 
8 10 
2 10 
10 6 
5 2 
5 8 
1 3 
8 8 
2 3 
6 4 
10 4 
9 4 
3 2 
1 3 
7 7 
9 4 
5 2 
6 2 
4 2 
2 7 
8 8 
5 7 
5 5 
2 9 
9 2 
7 3 
1 2 
8 5 
10 9 
5 2 
5 6 
8 6 
3 2 
9 7 
3 10 
9 5 
4 7 
4 2 
7 5 
2 2 
1 7 
3 3 
3 9 
5 5 
8 4 
3 2 
8 7 
1 8 
7 6 
10 3 
4 10 
4 7 
1 5 
8 5 
8 8 
4 4 
4 10 
6 10 
2 9 
2 5 
4 9 
9 3 
5 5 
3 2 
3 10 
8 4 
9 4 
5 5 
10 3 
3 7 
2 5 
6 10 
2 8 
9 9 
3 4 
5 7 
1 8 
6 9 
1 8 
10 6 
8 5 
9 9 
6 2 
9 9 
2 3 
6 9 
8 10 
1 3 
5 9 
8 5 
2 10 
7 6 
 1  1  1
 2  1  2
 6  1  1
 7  1  2
 156  1  2
 157  1  2
 160  1  2
 2  2  2
 3  2  2
 6  2  2
 7  2  2
 8  2  2
 9  2  2
 155  2  2
 156  2  2
 157  2  2
 3  3  1
 4  3  1
 9  3  2
 13  3  1
 154  3  1
 155  3  1
 156  3  1
 4  4  2
 5  4  1
 9  4  1
 13  4  2
 153  4  1
 154  4  1
 155  4  1
 5  5  1
 10  5  1
 13  5  2
 14  5  2
 152  5  2
 153  5  2
 154  5  2
 6  6  1
 7  6  1
 11  6  1
 12  6  1
 157  6  1
 160  6  1
 161  6  1
 7  7  2
 8  7  2
 9  7  1
 11  7  2
 12  7  2
 18  7  2
 8  8  1
 9  8  1
 12  8  2
 18  8  1
 9  9  1
 13  9  1
 10  10  1
 13  10  1
 14  10  2
 15  10  1
 17  10  1
 151  10  1
 152  10  1
 153  10  2
 11  11  2
 12  11  2
 16  11  1
 160  11  1
 161  11  2
 162  11  2
 12  12  2
 16  12  2
 18  12  1
 19  12  1
 24  12  1
 26  12  1
 13  13  2
 14  13  1
 14  14  2
 15  14  2
 17  14  2
 15  15  2
 17  15  1
 20  15  1
 25  15  2
 35  15  1
 36  15  1
 150  15  1
 151  15  2
 152  15  2
 16  16  2
 19  16  2
 23  16  2
 26  16  2
 44  16  2
 161  16  1
 162  16  2
 163  16  2
 17  17  1
 18  17  1
 24  17  1
 25  17  1
 18  18  2
 19  18  2
 24  18  2
 25  18  2
 19  19  1
 24  19  1
 26  19  1
 29  19  1
 34  19  1
 20  20  1
 21  20  1
 22  20  1
 36  20  1
 37  20  1
 149  20  1
 150  20  1
 151  20  1
 21  21  2
 22  21  1
 27  21  2
 28  21  2
 36  21  2
 37  21  1
 54  21  1
 22  22  2
 27  22  1
 28  22  1
 30  22  2
 148  22  1
 149  22  1
 150  22  1
 23  23  1
 26  23  1
 33  23  1
 44  23  2
 45  23  2
 162  23  2
 163  23  1
 164  23  1
 210  23  1
 24  24  2
 25  24  2
 34  24  1
 35  24  2
 25  25  2
 34  25  1
 35  25  2
 26  26  1
 29  26  1
 34  26  1
 43  26  1
 44  26  1
 27  27  2
 28  27  2
 37  27  2
 54  27  2
 199  27  2
 200  27  1
 201  27  2
 28  28  1
 30  28  2
 31  28  1
 200  28  2
 201  28  2
 202  28  1
 29  29  2
 34  29  2
 43  29  2
 44  29  1
 30  30  2
 31  30  1
 32  30  2
 147  30  1
 148  30  2
 149  30  2
 31  31  2
 32  31  2
 201  31  2
 202  31  2
 32  32  1
 39  32  1
 146  32  1
 147  32  2
 148  32  2
 202  32  1
 203  32  1
 33  33  2
 40  33  2
 45  33  1
 163  33  2
 164  33  2
 165  33  1
 210  33  2
 34  34  1
 35  34  1
 35  35  2
 36  35  2
 36  36  1
 37  36  1
 37  37  1
 38  37  2
 54  37  2
 38  38  2
 43  38  2
 45  38  2
 53  38  1
 54  38  2
 39  39  1
 46  39  1
 145  39  1
 146  39  1
 147  39  1
 202  39  1
 203  39  1
 204  39  1
 40  40  1
 41  40  2
 47  40  1
 164  40  2
 165  40  1
 166  40  1
 210  40  2
 41  41  2
 42  41  2
 47  41  2
 48  41  1
 49  41  2
 207  41  2
 208  41  2
 209  41  1
 210  41  2
 42  42  1
 48  42  2
 49  42  2
 206  42  1
 207  42  2
 208  42  1
 211  42  1
 219  42  2
 220  42  2
 43  43  1
 44  43  1
 45  43  1
 44  44  1
 45  44  1
 45  45  2
 53  45  2
 54  45  2
 209  45  1
 210  45  2
 46  46  2
 55  46  2
 144  46  1
 145  46  2
 146  46  2
 203  46  2
 204  46  1
 213  46  2
 214  46  1
 215  46  2
 47  47  2
 48  47  1
 50  47  2
 165  47  1
 166  47  1
 167  47  1
 48  48  2
 49  48  2
 50  48  2
 51  48  2
 49  49  2
 50  49  2
 51  49  2
 218  49  1
 219  49  2
 220  49  2
 50  50  2
 51  50  1
 52  50  1
 166  50  2
 167  50  2
 168  50  1
 51  51  1
 52  51  1
 56  51  2
 60  51  2
 218  51  2
 219  51  1
 52  52  1
 56  52  1
 60  52  1
 64  52  2
 167  52  1
 168  52  2
 169  52  2
 53  53  2
 54  53  1
 199  53  2
 209  53  2
 210  53  1
 54  54  1
 199  54  2
 200  54  1
 55  55  1
 59  55  2
 143  55  2
 144  55  1
 145  55  2
 214  55  2
 215  55  1
 216  55  2
 56  56  2
 57  56  2
 60  56  2
 61  56  1
 217  56  2
 218  56  2
 57  57  1
 58  57  1
 60  57  2
 61  57  1
 62  57  1
 216  57  1
 217  57  1
 218  57  2
 58  58  1
 59  58  2
 61  58  1
 62  58  2
 63  58  2
 216  58  1
 217  58  1
 59  59  1
 62  59  2
 63  59  2
 142  59  1
 143  59  2
 144  59  2
 215  59  1
 216  59  2
 60  60  1
 61  60  1
 64  60  2
 65  60  2
 66  60  2
 61  61  1
 62  61  1
 66  61  2
 67  61  1
 68  61  1
 62  62  1
 63  62  1
 68  62  1
 69  62  1
 70  62  1
 63  63  1
 70  63  2
 77  63  2
 141  63  1
 142  63  1
 143  63  1
 64  64  2
 65  64  2
 71  64  1
 169  64  1
 171  64  2
 65  65  1
 66  65  1
 71  65  1
 72  65  2
 66  66  1
 67  66  1
 71  66  1
 72  66  1
 73  66  1
 67  67  2
 68  67  2
 72  67  2
 73  67  1
 74  67  1
 68  68  2
 69  68  2
 73  68  1
 74  68  1
 75  68  2
 69  69  1
 70  69  1
 74  69  1
 75  69  2
 76  69  2
 70  70  2
 75  70  2
 76  70  1
 77  70  1
 71  71  2
 72  71  1
 78  71  2
 169  71  1
 171  71  2
 173  71  1
 72  72  1
 73  72  1
 78  72  1
 79  72  2
 73  73  2
 74  73  1
 78  73  1
 79  73  1
 80  73  1
 74  74  2
 75  74  2
 79  74  2
 80  74  1
 81  74  1
 75  75  2
 76  75  2
 80  75  2
 81  75  2
 82  75  2
 158  75  1
 159  75  2
 76  76  2
 77  76  1
 81  76  1
 82  76  1
 141  76  2
 158  76  2
 159  76  1
 77  77  1
 82  77  1
 87  77  1
 101  77  2
 140  77  2
 141  77  2
 142  77  1
 158  77  2
 78  78  1
 79  78  1
 83  78  1
 171  78  2
 173  78  1
 175  78  2
 79  79  2
 80  79  1
 83  79  1
 84  79  1
 80  80  2
 81  80  1
 83  80  1
 84  80  1
 85  80  2
 81  81  1
 82  81  1
 84  81  1
 85  81  1
 86  81  1
 82  82  1
 85  82  2
 86  82  1
 87  82  2
 83  83  2
 84  83  1
 88  83  2
 173  83  1
 175  83  2
 177  83  1
 84  84  1
 85  84  2
 88  84  1
 89  84  2
 85  85  2
 86  85  1
 88  85  2
 89  85  2
 90  85  1
 86  86  2
 87  86  1
 89  86  2
 90  86  2
 87  87  2
 90  87  2
 93  87  2
 99  87  1
 100  87  2
 101  87  2
 138  87  1
 140  87  2
 141  87  1
 88  88  2
 89  88  1
 91  88  1
 175  88  1
 177  88  2
 179  88  1
 89  89  2
 90  89  2
 91  89  2
 92  89  2
 90  90  1
 91  90  1
 92  90  1
 93  90  1
 91  91  2
 92  91  1
 94  91  2
 177  91  2
 179  91  2
 181  91  2
 92  92  1
 93  92  1
 94  92  2
 95  92  2
 93  93  1
 94  93  1
 95  93  1
 99  93  2
 100  93  2
 132  93  2
 138  93  1
 94  94  1
 95  94  2
 96  94  2
 133  94  2
 179  94  1
 181  94  2
 95  95  2
 96  95  2
 98  95  1
 99  95  1
 132  95  2
 96  96  2
 97  96  2
 98  96  1
 132  96  1
 133  96  2
 181  96  1
 183  96  2
 97  97  1
 98  97  1
 102  97  2
 103  97  2
 133  97  2
 183  97  2
 185  97  1
 98  98  1
 99  98  2
 103  98  1
 99  99  1
 100  99  2
 103  99  1
 104  99  1
 100  100  1
 101  100  1
 104  100  1
 105  100  1
 101  101  1
 105  101  2
 102  102  2
 103  102  1
 106  102  2
 109  102  1
 183  102  2
 185  102  2
 103  103  1
 104  103  2
 109  103  2
 110  103  2
 104  104  2
 105  104  2
 107  104  2
 109  104  1
 110  104  1
 105  105  1
 107  105  1
 106  106  2
 108  106  1
 109  106  2
 185  106  2
 187  106  1
 188  106  2
 107  107  1
 110  107  2
 108  108  1
 109  108  2
 112  108  2
 113  108  1
 187  108  1
 188  108  2
 189  108  2
 109  109  2
 110  109  1
 111  109  1
 113  109  2
 110  110  2
 111  110  1
 111  111  2
 113  111  2
 112  112  2
 113  112  2
 114  112  2
 115  112  1
 188  112  1
 189  112  1
 190  112  1
 113  113  1
 115  113  2
 114  114  2
 115  114  1
 116  114  1
 117  114  1
 189  114  1
 190  114  1
 191  114  1
 115  115  2
 116  115  1
 117  115  2
 116  116  1
 117  116  2
 118  116  2
 119  116  2
 190  116  1
 191  116  2
 192  116  1
 117  117  1
 118  117  1
 119  117  1
 118  118  1
 119  118  1
 120  118  1
 121  118  1
 191  118  1
 192  118  1
 193  118  1
 119  119  1
 120  119  1
 121  119  2
 120  120  2
 121  120  1
 122  120  1
 123  120  1
 192  120  1
 193  120  2
 194  120  2
 121  121  1
 122  121  1
 123  121  1
 122  122  2
 123  122  2
 124  122  1
 125  122  2
 193  122  2
 194  122  2
 195  122  1
 123  123  1
 124  123  1
 125  123  1
 124  124  1
 125  124  2
 126  124  2
 127  124  1
 194  124  1
 195  124  2
 196  124  2
 125  125  2
 126  125  2
 127  125  2
 126  126  2
 127  126  1
 128  126  2
 129  126  1
 195  126  2
 196  126  1
 197  126  1
 127  127  1
 128  127  1
 129  127  1
 128  128  2
 129  128  2
 130  128  1
 131  128  2
 196  128  2
 197  128  1
 198  128  1
 129  129  1
 130  129  2
 131  129  1
 130  130  1
 131  130  2
 197  130  2
 198  130  2
 131  131  2
 132  132  1
 133  132  1
 134  132  1
 138  132  1
 133  133  2
 134  133  1
 135  133  1
 136  133  2
 181  133  2
 182  133  2
 183  133  1
 184  133  1
 134  134  1
 135  134  1
 138  134  1
 135  135  1
 136  135  2
 137  135  1
 138  135  2
 139  135  2
 136  136  2
 137  136  1
 181  136  2
 182  136  2
 183  136  1
 184  136  2
 137  137  1
 139  137  1
 138  138  2
 139  138  1
 140  138  1
 139  139  2
 140  139  2
 140  140  2
 141  140  1
 141  141  2
 142  141  1
 158  141  2
 142  142  1
 143  142  1
 143  143  2
 144  143  2
 144  144  1
 145  144  1
 145  145  1
 146  145  1
 146  146  1
 147  146  1
 147  147  1
 148  147  1
 148  148  1
 149  148  1
 149  149  1
 150  149  2
 150  150  1
 151  150  2
 151  151  2
 152  151  2
 152  152  1
 153  152  2
 153  153  1
 154  153  1
 154  154  1
 155  154  1
 155  155  2
 156  155  2
 156  156  1
 157  156  1
 157  157  2
 160  157  1
 158  158  2
 159  158  2
 159  159  1
 160  160  1
 161  160  1
 161  161  1
 162  161  1
 162  162  1
 163  162  1
 163  163  1
 164  163  1
 164  164  2
 165  164  2
 165  165  2
 166  165  1
 166  166  1
 167  166  1
 167  167  1
 168  167  1
 168  168  2
 169  168  2
 170  168  2
 169  169  1
 170  169  1
 171  169  1
 172  169  1
 170  170  1
 171  170  2
 172  170  1
 171  171  2
 172  171  2
 173  171  2
 174  171  1
 172  172  2
 173  172  2
 174  172  1
 173  173  2
 174  173  1
 175  173  2
 176  173  1
 174  174  1
 175  174  1
 176  174  2
 175  175  1
 176  175  1
 177  175  1
 178  175  1
 176  176  2
 177  176  1
 178  176  2
 177  177  2
 178  177  2
 179  177  1
 180  177  1
 178  178  2
 179  178  1
 180  178  2
 179  179  1
 180  179  1
 181  179  1
 182  179  1
 180  180  1
 181  180  1
 182  180  2
 181  181  2
 182  181  2
 182  182  2
 183  183  2
 184  183  1
 185  183  1
 186  183  1
 184  184  1
 185  184  2
 186  184  2
 185  185  1
 186  185  1
 187  185  2
 186  186  2
 187  186  1
 187  187  1
 188  187  1
 188  188  2
 189  188  2
 189  189  1
 190  189  1
 190  190  2
 191  190  2
 191  191  1
 192  191  2
 192  192  1
 193  192  1
 193  193  1
 194  193  1
 194  194  2
 195  194  1
 195  195  1
 196  195  2
 196  196  2
 197  196  1
 197  197  2
 198  197  2
 198  198  2
 199  199  2
 200  199  1
 200  200  2
 201  200  2
 201  201  1
 202  201  1
 202  202  1
 203  202  2
 203  203  1
 204  203  1
 204  204  1
 205  204  2
 212  204  2
 213  204  1
 205  205  1
 206  205  2
 211  205  2
 212  205  2
 213  205  1
 206  206  2
 207  206  1
 211  206  1
 212  206  1
 207  207  2
 208  207  1
 211  207  1
 208  208  1
 209  208  1
 210  208  1
 209  209  1
 210  209  1
 210  210  1
 211  211  1
 212  211  1
 220  211  1
 221  211  1
 212  212  1
 213  212  1
 214  212  1
 220  212  1
 221  212  1
 213  213  2
 214  213  2
 221  213  2
 214  214  1
 215  214  2
 221  214  1
 215  215  2
 216  215  2
 216  216  2
 217  216  2
 217  217  2
 218  217  1
 218  218  1
 219  218  2
 219  219  2
 220  219  1
 220  220  1
 221  220  1
 221  221  2
