1133 5451
7 4 
4 10 
2 2 
1 7 
9 6 
4 5 
7 6 
10 10 
2 4 
2 8 
1 7 
8 2 
10 6 
8 4 
1 4 
3 4 
5 9 
2 10 
3 2 
7 10 
3 8 
8 7 
2 8 
1 2 
1 4 
10 5 
8 9 
4 4 
8 10 
1 4 
6 8 
1 2 
7 7 
7 2 
6 2 
10 8 
7 7 
1 8 
8 3 
10 9 
3 5 
5 4 
3 2 
4 2 
6 7 
3 4 
4 2 
7 10 
9 8 
10 8 
9 7 
10 3 
4 10 
9 10 
7 3 
1 2 
10 8 
1 9 
10 2 
8 6 
6 7 
5 2 
2 2 
4 3 
5 3 
8 9 
2 6 
4 4 
7 4 
10 9 
4 8 
7 10 
10 9 
9 6 
9 7 
8 5 
10 7 
7 6 
4 4 
5 4 
9 4 
10 2 
5 2 
5 10 
7 7 
8 6 
1 6 
6 2 
5 4 
9 4 
6 6 
5 8 
9 8 
6 5 
10 6 
9 6 
9 6 
9 3 
4 7 
10 9 
2 3 
4 10 
4 7 
1 9 
10 5 
4 5 
10 8 
9 4 
8 2 
1 7 
6 9 
2 6 
7 6 
2 4 
1 10 
6 3 
10 3 
6 7 
3 4 
9 10 
7 8 
4 5 
5 7 
7 4 
7 8 
5 4 
6 3 
9 9 
2 6 
10 7 
5 7 
5 10 
10 4 
5 2 
2 9 
4 6 
5 9 
5 9 
2 4 
2 10 
3 8 
1 5 
2 8 
6 10 
6 5 
2 9 
10 9 
8 7 
10 5 
5 2 
7 9 
10 2 
3 5 
3 6 
3 3 
7 7 
4 10 
7 2 
6 10 
3 8 
1 9 
4 6 
9 3 
9 10 
10 2 
8 9 
8 7 
2 10 
7 8 
10 5 
9 8 
1 9 
2 7 
2 4 
6 2 
3 10 
7 6 
1 5 
1 6 
8 5 
2 6 
7 7 
9 2 
8 7 
1 2 
1 10 
6 4 
8 3 
9 2 
6 9 
8 7 
1 4 
6 9 
10 3 
8 4 
4 10 
8 5 
7 3 
4 2 
1 8 
5 8 
5 3 
8 7 
1 2 
1 10 
2 7 
9 10 
3 9 
10 4 
4 8 
6 5 
8 4 
6 2 
4 10 
4 6 
10 3 
7 5 
9 7 
6 3 
4 6 
4 7 
10 4 
3 2 
9 6 
7 10 
10 3 
2 5 
5 10 
2 10 
8 10 
3 3 
6 8 
2 7 
1 4 
3 7 
2 7 
5 3 
1 6 
7 6 
10 4 
2 5 
5 2 
7 6 
6 9 
5 6 
4 5 
5 4 
4 9 
4 4 
8 8 
5 5 
5 7 
4 5 
6 3 
8 7 
10 7 
3 7 
4 7 
5 7 
3 9 
3 8 
4 6 
8 10 
5 2 
7 9 
1 10 
9 10 
4 10 
8 2 
1 6 
10 8 
10 7 
9 7 
7 9 
5 2 
4 2 
8 5 
3 4 
8 3 
10 8 
6 10 
7 3 
3 10 
6 9 
4 3 
4 6 
1 2 
3 7 
7 9 
5 7 
9 10 
10 4 
4 5 
8 2 
5 7 
10 3 
9 3 
3 7 
9 2 
4 8 
2 3 
2 9 
4 2 
2 9 
9 9 
3 9 
9 10 
9 4 
3 4 
10 6 
3 6 
5 2 
7 3 
7 7 
7 9 
3 9 
10 6 
9 10 
5 9 
6 5 
1 5 
2 3 
3 2 
10 4 
5 3 
4 9 
3 5 
10 6 
5 9 
8 8 
1 2 
1 9 
2 7 
2 5 
9 4 
2 3 
2 6 
7 10 
3 4 
4 10 
4 5 
9 6 
9 9 
8 9 
9 6 
4 3 
5 4 
3 2 
10 8 
4 5 
4 8 
7 9 
1 4 
5 4 
1 6 
5 9 
2 4 
6 9 
9 10 
8 4 
8 10 
6 10 
7 6 
4 6 
3 6 
6 9 
1 9 
9 9 
8 5 
9 3 
5 6 
9 6 
7 3 
9 8 
7 6 
3 8 
4 6 
10 10 
3 5 
9 10 
1 2 
9 2 
8 6 
9 8 
4 10 
6 9 
8 8 
5 10 
6 6 
1 3 
5 5 
2 4 
6 10 
3 5 
5 6 
1 10 
7 9 
8 3 
1 10 
5 4 
9 8 
10 5 
10 4 
3 2 
7 6 
3 2 
3 6 
4 6 
8 10 
6 8 
10 3 
3 7 
9 6 
10 3 
10 4 
9 7 
1 6 
8 10 
8 8 
8 3 
10 10 
10 5 
3 2 
6 10 
6 8 
9 8 
6 6 
4 6 
8 10 
4 9 
4 2 
4 8 
2 7 
4 5 
5 4 
5 6 
1 6 
1 7 
9 7 
6 2 
2 4 
8 4 
3 6 
5 4 
8 4 
10 5 
5 10 
7 3 
10 2 
2 10 
1 4 
10 5 
8 2 
7 3 
8 7 
7 8 
8 3 
4 10 
7 10 
7 4 
4 8 
3 3 
8 10 
6 9 
3 2 
3 2 
6 7 
7 8 
9 8 
7 7 
4 9 
7 2 
2 3 
1 6 
8 7 
6 2 
8 10 
8 9 
8 8 
3 4 
3 8 
4 7 
7 5 
10 6 
10 5 
1 3 
6 3 
8 4 
4 7 
6 10 
5 2 
3 10 
3 3 
2 10 
1 3 
1 8 
6 7 
7 4 
7 6 
7 8 
2 6 
10 5 
7 9 
5 4 
9 7 
10 9 
3 3 
1 3 
3 6 
10 3 
7 9 
6 3 
5 7 
1 2 
4 8 
3 5 
1 4 
8 8 
5 10 
9 5 
7 4 
10 4 
10 3 
7 3 
3 7 
5 4 
4 3 
7 3 
6 8 
8 3 
7 3 
8 5 
1 2 
4 4 
6 9 
2 6 
6 9 
9 5 
7 5 
6 5 
1 7 
8 2 
6 3 
5 10 
1 10 
9 7 
8 7 
9 4 
2 7 
8 3 
3 3 
1 7 
4 10 
4 5 
10 4 
1 8 
5 3 
3 5 
1 5 
9 9 
2 7 
2 4 
1 9 
6 8 
4 7 
9 9 
1 2 
8 2 
7 10 
2 5 
5 5 
7 6 
5 5 
7 5 
9 10 
10 7 
5 5 
2 4 
10 3 
7 9 
7 4 
2 2 
2 2 
2 10 
9 8 
8 5 
10 4 
2 8 
5 3 
1 6 
3 8 
3 6 
4 10 
10 3 
5 8 
5 5 
3 2 
9 8 
1 3 
1 3 
8 4 
4 9 
5 8 
1 8 
8 7 
4 8 
3 2 
9 4 
1 3 
9 4 
8 3 
9 2 
8 5 
9 8 
2 10 
8 7 
8 6 
5 9 
2 10 
10 5 
5 3 
5 3 
7 2 
10 7 
1 3 
6 6 
5 5 
3 4 
8 2 
10 8 
7 2 
2 3 
8 6 
2 9 
4 2 
3 9 
8 10 
9 8 
5 8 
3 9 
6 2 
5 9 
2 7 
7 10 
8 7 
7 3 
10 8 
4 8 
8 2 
6 7 
7 3 
3 3 
4 2 
3 3 
1 5 
2 10 
8 9 
7 8 
6 3 
10 7 
8 4 
10 10 
5 2 
3 7 
1 8 
6 3 
2 7 
9 6 
9 6 
8 2 
7 4 
1 5 
2 10 
4 9 
9 2 
8 3 
10 7 
4 6 
2 9 
7 10 
6 8 
3 10 
2 7 
9 9 
9 3 
5 8 
1 3 
9 7 
3 7 
1 6 
7 10 
6 10 
4 4 
8 4 
7 6 
9 8 
3 6 
4 9 
3 8 
7 7 
4 8 
10 7 
10 5 
1 6 
6 5 
4 6 
8 7 
9 8 
6 10 
1 9 
5 7 
10 6 
6 2 
1 4 
9 2 
8 10 
8 10 
2 6 
8 2 
7 5 
2 9 
6 4 
2 4 
10 3 
8 8 
4 7 
2 10 
1 6 
6 2 
1 8 
6 4 
4 5 
9 5 
4 8 
2 8 
5 6 
9 2 
2 7 
7 10 
8 10 
8 4 
5 5 
5 9 
1 8 
2 6 
8 9 
6 2 
8 9 
4 3 
3 8 
9 4 
2 10 
1 10 
2 6 
7 8 
4 7 
7 8 
1 9 
9 2 
5 10 
2 6 
1 2 
10 3 
2 3 
1 4 
6 6 
5 8 
10 2 
1 2 
1 2 
7 9 
1 10 
1 4 
9 3 
1 7 
4 4 
3 7 
8 9 
6 7 
8 4 
3 2 
10 9 
2 6 
4 3 
1 6 
5 8 
9 4 
9 7 
2 6 
2 7 
6 2 
1 10 
7 5 
9 9 
9 3 
4 5 
9 6 
4 6 
8 10 
7 8 
8 7 
9 4 
3 4 
5 7 
6 10 
6 9 
6 8 
3 10 
6 7 
6 6 
5 9 
8 2 
3 6 
4 8 
3 9 
6 6 
5 4 
7 7 
5 7 
2 8 
5 3 
7 7 
4 7 
6 10 
2 7 
10 8 
1 4 
9 10 
5 8 
5 4 
6 7 
6 7 
4 5 
10 3 
7 10 
1 2 
5 2 
1 3 
9 10 
9 3 
1 8 
1 10 
3 8 
4 2 
5 8 
3 3 
5 10 
6 2 
1 2 
3 7 
9 2 
5 8 
4 4 
6 7 
9 2 
9 10 
1 2 
7 7 
6 3 
8 10 
7 4 
10 7 
4 7 
3 5 
9 4 
3 2 
5 6 
5 8 
2 7 
9 10 
7 3 
3 2 
9 9 
8 9 
6 5 
9 8 
10 7 
9 2 
9 2 
5 3 
8 10 
3 10 
9 7 
8 3 
9 3 
4 7 
3 5 
6 8 
7 4 
5 8 
8 5 
6 7 
2 3 
3 6 
6 4 
1 6 
7 4 
1 2 
7 10 
3 6 
8 3 
4 7 
7 6 
3 7 
2 3 
3 8 
6 7 
6 8 
1 7 
2 6 
9 2 
1 10 
2 8 
6 5 
8 2 
9 7 
3 7 
9 9 
5 3 
7 8 
3 4 
1 7 
7 6 
10 8 
9 10 
4 10 
2 7 
7 6 
2 6 
2 5 
10 3 
2 9 
10 7 
9 2 
5 7 
3 3 
2 8 
6 3 
7 9 
9 3 
2 5 
2 2 
9 10 
10 10 
9 3 
9 2 
7 4 
9 6 
3 2 
5 9 
6 7 
8 3 
3 7 
8 4 
10 10 
3 3 
8 4 
10 8 
10 5 
3 6 
3 2 
10 5 
7 2 
3 10 
4 2 
6 9 
6 6 
10 10 
6 2 
3 3 
8 3 
3 7 
7 6 
7 5 
2 2 
6 10 
7 4 
2 6 
8 4 
9 7 
1 8 
6 7 
10 3 
2 6 
1 2 
10 9 
3 3 
7 2 
1 8 
10 9 
3 5 
3 9 
9 2 
2 8 
10 9 
2 9 
8 4 
3 2 
1 8 
9 10 
7 6 
1 7 
1 8 
10 10 
10 8 
4 9 
8 3 
3 9 
4 9 
3 5 
7 10 
10 6 
8 4 
6 4 
3 8 
2 7 
10 9 
3 10 
2 4 
2 2 
10 8 
10 8 
10 3 
4 9 
8 4 
5 7 
4 2 
6 4 
3 7 
3 7 
2 8 
6 4 
7 10 
9 10 
1 6 
6 7 
8 2 
5 9 
3 9 
9 5 
6 7 
8 4 
3 9 
10 5 
3 7 
5 6 
8 3 
1 4 
10 10 
2 8 
10 9 
9 2 
8 6 
10 10 
3 5 
1 3 
4 7 
5 8 
4 3 
1 5 
2 6 
1 3 
9 8 
8 8 
4 8 
1 2 
3 10 
3 6 
10 9 
9 3 
1 7 
5 10 
8 5 
10 8 
3 6 
7 9 
4 9 
8 2 
8 4 
3 9 
9 10 
9 5 
8 3 
1 10 
4 2 
7 5 
3 5 
4 6 
10 2 
6 4 
10 7 
7 2 
7 7 
7 3 
6 2 
7 6 
3 2 
7 7 
5 10 
5 10 
4 10 
8 2 
10 10 
3 9 
10 10 
2 6 
7 9 
6 7 
5 5 
3 3 
9 9 
8 6 
9 10 
3 3 
8 6 
8 3 
1 8 
7 5 
8 3 
9 5 
3 9 
5 7 
8 5 
9 10 
2 3 
9 7 
4 3 
1 5 
1 3 
2 2 
5 4 
8 10 
10 2 
 2  1  1
 3  1  2
 4  1  1
 5  1  2
 6  1  1
 7  1  3
 8  1  2
 9  1  1
 10  1  2
 11  1  1
 12  1  2
 13  1  3
 14  1  2
 15  1  1
 16  1  1
 17  1  1
 18  1  3
 19  1  3
 20  1  3
 21  1  2
 22  1  2
 23  1  2
 24  1  1
 25  1  2
 26  1  1
 27  1  1
 28  1  1
 29  1  1
 30  1  3
 31  1  3
 3  2  2
 4  2  2
 6  2  1
 7  2  3
 8  2  1
 9  2  2
 10  2  3
 11  2  3
 13  2  1
 16  2  3
 18  2  2
 19  2  3
 20  2  3
 22  2  3
 24  2  3
 32  2  1
 33  2  1
 34  2  2
 35  2  3
 36  2  3
 37  2  2
 38  2  1
 4  3  1
 6  3  1
 7  3  1
 8  3  1
 9  3  1
 11  3  1
 12  3  1
 13  3  1
 16  3  1
 18  3  1
 19  3  1
 20  3  1
 21  3  1
 22  3  1
 23  3  1
 27  3  1
 28  3  1
 34  3  1
 39  3  1
 40  3  1
 41  3  1
 42  3  1
 43  3  1
 44  3  1
 45  3  1
 46  3  1
 47  3  1
 48  3  1
 49  3  1
 50  3  1
 51  3  1
 52  3  1
 53  3  1
 54  3  1
 55  3  1
 56  3  1
 11  4  3
 22  4  3
 46  4  2
 57  4  2
 58  4  3
 59  4  3
 60  4  1
 61  4  1
 62  4  3
 63  4  3
 64  4  3
 65  4  3
 66  4  1
 67  4  1
 68  4  1
 69  4  1
 70  4  2
 71  4  2
 72  4  1
 6  5  1
 13  5  2
 73  5  3
 74  5  2
 75  5  3
 76  5  3
 77  5  3
 78  5  3
 79  5  2
 7  6  3
 8  6  1
 13  6  2
 16  6  3
 18  6  3
 22  6  1
 27  6  3
 28  6  2
 34  6  3
 80  6  3
 81  6  3
 82  6  2
 83  6  3
 84  6  1
 85  6  2
 86  6  3
 87  6  1
 9  7  3
 10  7  2
 13  7  1
 15  7  1
 16  7  2
 19  7  2
 22  7  2
 28  7  2
 76  7  1
 88  7  2
 89  7  3
 90  7  3
 91  7  3
 92  7  3
 93  7  3
 94  7  2
 95  7  2
 96  7  2
 97  7  2
 98  7  1
 99  7  3
 100  7  3
 22  8  2
 28  8  1
 101  8  2
 102  8  2
 10  9  1
 13  9  3
 16  9  1
 21  9  3
 22  9  2
 24  9  3
 30  9  1
 41  9  3
 103  9  1
 104  9  2
 105  9  3
 106  9  1
 107  9  1
 16  10  3
 24  10  2
 30  10  1
 34  10  3
 70  10  2
 108  10  3
 109  10  1
 110  10  3
 111  10  3
 112  10  3
 113  10  2
 114  10  1
 115  10  1
 116  10  2
 117  10  1
 118  10  2
 119  10  3
 120  10  2
 121  10  3
 122  10  1
 123  10  3
 124  10  2
 125  10  2
 126  10  1
 127  10  2
 128  10  1
 129  10  2
 130  10  1
 18  11  2
 19  11  3
 20  11  1
 22  11  3
 25  11  3
 27  11  3
 45  11  3
 73  11  1
 131  11  3
 132  11  3
 133  11  2
 134  11  2
 135  11  2
 136  11  2
 137  11  3
 138  11  1
 84  12  1
 139  12  1
 140  12  1
 141  12  1
 142  12  1
 143  12  1
 144  12  1
 145  12  1
 146  12  1
 147  12  1
 148  12  1
 149  12  1
 150  12  1
 151  12  1
 152  12  1
 153  12  1
 14  13  2
 16  13  1
 18  13  1
 22  13  2
 24  13  1
 28  13  1
 45  13  2
 69  13  1
 76  13  1
 106  13  1
 153  13  2
 154  13  1
 155  13  1
 156  13  2
 157  13  3
 158  13  1
 159  13  1
 160  13  2
 15  14  2
 16  14  2
 24  14  1
 33  14  1
 34  14  1
 80  14  3
 107  14  1
 110  14  3
 112  14  2
 123  14  2
 124  14  2
 136  14  1
 161  14  1
 162  14  2
 163  14  1
 164  14  1
 165  14  3
 166  14  2
 167  14  1
 168  14  2
 169  14  1
 170  14  3
 171  14  2
 172  14  1
 173  14  1
 174  14  2
 175  14  3
 176  14  2
 177  14  3
 178  14  1
 179  14  3
 180  14  2
 181  14  2
 182  14  2
 23  15  2
 33  15  1
 34  15  2
 76  15  2
 93  15  1
 124  15  3
 168  15  3
 183  15  3
 184  15  1
 185  15  2
 186  15  1
 187  15  2
 188  15  1
 189  15  1
 190  15  3
 191  15  1
 24  16  3
 30  16  3
 33  16  3
 34  16  2
 56  16  3
 77  16  3
 105  16  2
 108  16  1
 123  16  2
 127  16  1
 129  16  1
 192  16  1
 193  16  1
 194  16  1
 195  16  2
 196  16  2
 197  16  3
 198  16  1
 199  16  3
 200  16  1
 201  16  1
 202  16  2
 203  16  2
 204  16  1
 205  16  2
 206  16  3
 207  16  1
 208  16  3
 209  16  2
 210  16  1
 211  16  3
 212  16  1
 213  16  2
 214  16  3
 215  16  1
 216  16  3
 217  16  3
 218  16  2
 219  16  2
 220  16  2
 221  16  2
 222  16  1
 24  17  3
 34  17  3
 115  17  1
 223  17  1
 224  17  3
 225  17  3
 19  18  3
 21  18  3
 22  18  2
 23  18  3
 25  18  3
 26  18  2
 27  18  1
 38  18  1
 39  18  2
 226  18  2
 227  18  2
 228  18  2
 20  19  1
 27  19  1
 38  19  1
 41  19  1
 70  19  1
 82  19  1
 86  19  1
 120  19  1
 137  19  1
 186  19  1
 229  19  1
 230  19  1
 231  19  1
 232  19  1
 233  19  1
 234  19  1
 235  19  1
 236  19  1
 237  19  1
 238  19  1
 239  19  1
 240  19  1
 22  20  1
 41  20  2
 43  20  3
 50  20  2
 81  20  2
 106  20  3
 228  20  1
 233  20  2
 241  20  2
 242  20  3
 243  20  2
 244  20  1
 23  21  1
 25  21  2
 39  21  1
 40  21  2
 41  21  2
 46  21  3
 47  21  3
 50  21  1
 54  21  1
 55  21  2
 59  21  2
 91  21  3
 103  21  1
 104  21  3
 105  21  3
 107  21  1
 157  21  2
 206  21  3
 210  21  3
 214  21  2
 223  21  1
 239  21  3
 245  21  3
 246  21  1
 247  21  1
 248  21  2
 249  21  2
 250  21  3
 251  21  3
 252  21  3
 253  21  2
 254  21  2
 255  21  3
 256  21  3
 257  21  3
 258  21  2
 259  21  1
 260  21  3
 261  21  3
 27  22  2
 32  22  3
 38  22  2
 25  23  1
 38  23  3
 39  23  3
 42  23  3
 43  23  3
 44  23  3
 45  23  2
 46  23  3
 50  23  3
 54  23  2
 80  23  2
 97  23  1
 134  23  2
 135  23  1
 143  23  1
 182  23  2
 196  23  2
 203  23  3
 227  23  3
 230  23  3
 240  23  3
 246  23  3
 255  23  3
 262  23  2
 263  23  3
 264  23  1
 265  23  2
 266  23  2
 267  23  3
 268  23  3
 269  23  3
 270  23  3
 271  23  1
 272  23  1
 273  23  3
 274  23  3
 275  23  2
 276  23  2
 277  23  1
 278  23  2
 279  23  1
 280  23  3
 281  23  1
 282  23  3
 283  23  1
 284  23  1
 30  24  1
 33  24  1
 34  24  1
 58  24  1
 70  24  1
 108  24  1
 109  24  1
 110  24  1
 112  24  1
 115  24  1
 116  24  1
 119  24  1
 120  24  1
 121  24  1
 124  24  1
 167  24  1
 168  24  1
 174  24  1
 176  24  1
 182  24  1
 263  24  1
 285  24  1
 286  24  1
 287  24  1
 288  24  1
 289  24  1
 290  24  1
 291  24  1
 292  24  1
 293  24  1
 294  24  1
 295  24  1
 296  24  1
 297  24  1
 26  25  2
 39  25  3
 60  25  3
 62  25  3
 126  25  2
 227  25  2
 238  25  1
 265  25  2
 287  25  1
 298  25  3
 299  25  1
 300  25  1
 301  25  1
 302  25  2
 303  25  1
 38  27  3
 70  27  2
 86  27  3
 95  27  1
 186  27  2
 230  27  3
 232  27  2
 235  27  2
 238  27  3
 275  27  3
 304  27  3
 305  27  1
 306  27  2
 307  27  2
 34  28  3
 182  28  3
 233  28  3
 280  28  1
 308  28  2
 309  28  3
 147  29  3
 310  29  1
 311  29  2
 312  29  1
 313  29  2
 314  29  3
 315  29  2
 316  29  1
 34  30  2
 49  30  2
 178  30  2
 194  30  3
 196  30  1
 200  30  2
 201  30  3
 211  30  2
 218  30  3
 317  30  2
 318  30  1
 319  30  1
 320  30  3
 321  30  1
 322  30  2
 323  30  3
 324  30  3
 325  30  3
 326  30  1
 327  30  2
 328  30  1
 45  31  3
 54  31  2
 104  31  3
 157  31  3
 202  31  2
 241  31  3
 245  31  1
 251  31  1
 259  31  2
 329  31  1
 330  31  1
 331  31  3
 332  31  3
 333  31  3
 334  31  3
 335  31  1
 336  31  3
 337  31  1
 338  31  3
 339  31  1
 340  31  3
 341  32  1
 34  33  1
 120  33  3
 169  33  3
 55  34  1
 70  34  1
 108  34  1
 182  34  1
 308  34  1
 342  34  1
 343  34  1
 51  38  1
 231  38  1
 233  38  3
 237  38  3
 241  38  3
 254  38  3
 270  38  1
 275  38  2
 330  38  2
 344  38  3
 345  38  3
 346  38  2
 347  38  1
 348  38  1
 349  38  1
 350  38  2
 351  38  2
 352  38  3
 353  38  3
 41  39  1
 42  39  2
 43  39  1
 45  39  1
 46  39  2
 50  39  1
 52  39  2
 105  39  1
 107  39  2
 227  39  2
 240  39  2
 245  39  2
 246  39  1
 250  39  1
 265  39  1
 313  39  1
 314  39  1
 332  39  2
 354  39  1
 355  39  2
 356  39  1
 357  39  2
 358  39  2
 42  40  1
 46  40  3
 47  40  3
 49  40  2
 54  40  1
 55  40  3
 56  40  1
 58  40  3
 105  40  1
 157  40  3
 203  40  1
 268  40  1
 293  40  3
 336  40  1
 354  40  1
 355  40  3
 359  40  3
 360  40  3
 361  40  2
 362  40  3
 363  40  1
 364  40  3
 365  40  3
 366  40  1
 367  40  3
 46  41  3
 47  41  1
 48  41  3
 50  41  2
 51  41  2
 54  41  3
 62  41  2
 87  41  1
 94  41  1
 103  41  2
 106  41  3
 134  41  2
 135  41  3
 191  41  3
 194  41  3
 210  41  1
 235  41  1
 238  41  1
 245  41  1
 246  41  3
 247  41  1
 250  41  1
 260  41  3
 262  41  2
 270  41  1
 332  41  2
 334  41  2
 353  41  3
 354  41  1
 355  41  3
 358  41  2
 368  41  1
 369  41  2
 370  41  3
 371  41  1
 372  41  2
 373  41  3
 374  41  1
 375  41  1
 376  41  3
 377  41  3
 378  41  2
 379  41  2
 44  42  2
 45  42  2
 50  42  3
 84  42  1
 104  42  3
 105  42  2
 134  42  3
 157  42  2
 245  42  3
 271  42  1
 303  42  2
 314  42  1
 332  42  3
 333  42  3
 335  42  3
 337  42  3
 338  42  2
 354  42  1
 355  42  3
 356  42  1
 372  42  1
 378  42  3
 380  42  1
 381  42  1
 382  42  1
 383  42  1
 384  42  1
 385  42  2
 386  42  3
 387  42  3
 388  42  2
 389  42  1
 390  42  2
 391  42  2
 392  42  1
 393  42  1
 394  42  2
 395  42  3
 396  42  2
 397  42  2
 398  42  3
 399  42  3
 400  42  1
 401  42  2
 402  42  3
 403  42  1
 404  42  2
 46  43  1
 230  43  1
 240  43  1
 269  43  1
 282  43  1
 405  43  1
 52  44  1
 135  44  1
 332  44  1
 341  44  1
 383  44  1
 386  44  1
 406  44  1
 407  44  1
 408  44  1
 409  44  1
 410  44  1
 411  44  1
 412  44  1
 413  44  1
 414  44  1
 50  45  2
 54  45  2
 73  45  2
 133  45  1
 191  45  3
 227  45  2
 251  45  2
 259  45  3
 333  45  1
 349  45  3
 355  45  3
 362  45  3
 399  45  3
 415  45  3
 416  45  2
 417  45  3
 418  45  3
 419  45  3
 420  45  1
 421  45  3
 422  45  2
 423  45  1
 424  45  2
 425  45  3
 48  46  1
 52  46  1
 57  46  3
 58  46  3
 59  46  2
 62  46  1
 64  46  3
 66  46  3
 68  46  3
 69  46  1
 71  46  2
 72  46  3
 81  46  1
 241  46  1
 246  46  1
 282  46  3
 351  46  1
 354  46  1
 373  46  3
 399  46  3
 414  46  1
 426  46  3
 427  46  1
 428  46  2
 429  46  1
 430  46  3
 431  46  2
 432  46  2
 104  47  1
 337  47  1
 433  47  1
 296  48  2
 332  48  2
 367  48  3
 434  48  2
 54  49  3
 55  49  2
 56  49  3
 76  49  3
 79  49  3
 92  49  1
 105  49  2
 116  49  3
 128  49  2
 185  49  1
 201  49  1
 202  49  3
 206  49  1
 213  49  2
 241  49  2
 269  49  2
 274  49  3
 293  49  3
 303  49  1
 317  49  1
 321  49  3
 322  49  2
 325  49  2
 327  49  1
 328  49  3
 344  49  3
 361  49  1
 363  49  1
 390  49  3
 435  49  2
 436  49  3
 437  49  1
 438  49  1
 439  49  2
 440  49  3
 441  49  3
 442  49  2
 52  50  2
 81  50  2
 191  50  3
 228  50  2
 241  50  2
 245  50  2
 259  50  1
 271  50  2
 314  50  3
 324  50  1
 333  50  3
 338  50  2
 354  50  2
 367  50  1
 368  50  2
 404  50  1
 443  50  2
 444  50  1
 54  51  3
 56  51  1
 105  51  3
 257  51  1
 269  51  2
 278  51  3
 338  51  3
 340  51  3
 353  51  2
 354  51  2
 366  51  3
 368  51  3
 445  51  1
 446  51  2
 447  51  1
 448  51  2
 449  51  1
 450  51  1
 451  51  3
 81  52  1
 128  52  1
 133  52  2
 135  52  1
 146  52  1
 157  52  2
 182  52  1
 228  52  2
 241  52  2
 248  52  2
 254  52  1
 269  52  2
 287  52  2
 316  52  1
 333  52  2
 335  52  1
 340  52  2
 351  52  1
 362  52  1
 365  52  2
 367  52  1
 402  52  1
 413  52  1
 452  52  2
 453  52  2
 454  52  2
 455  52  1
 456  52  1
 457  52  1
 458  52  2
 459  52  2
 460  52  2
 461  52  1
 72  53  2
 76  54  2
 87  54  1
 124  54  2
 183  54  3
 185  54  1
 187  54  1
 189  54  2
 191  54  3
 268  54  1
 316  54  3
 329  54  1
 331  54  3
 333  54  3
 346  54  2
 354  54  1
 378  54  2
 454  54  1
 462  54  3
 463  54  1
 464  54  3
 465  54  1
 466  54  3
 467  54  3
 56  55  2
 105  55  1
 128  55  2
 201  55  2
 259  55  1
 317  55  1
 324  55  1
 360  55  2
 468  55  1
 469  55  1
 77  56  1
 105  56  1
 128  56  1
 133  56  1
 194  56  1
 196  56  1
 201  56  1
 202  56  1
 207  56  1
 210  56  1
 212  56  1
 213  56  1
 214  56  1
 251  56  1
 289  56  1
 293  56  1
 327  56  1
 332  56  1
 335  56  1
 360  56  1
 364  56  1
 390  56  1
 392  56  1
 437  56  1
 470  56  1
 471  56  1
 472  56  1
 473  56  1
 474  56  1
 58  57  1
 59  57  2
 62  57  2
 64  57  2
 65  57  1
 66  57  2
 69  57  2
 72  57  1
 231  57  2
 282  57  3
 373  57  2
 420  57  1
 426  57  1
 475  57  2
 476  57  1
 477  57  1
 478  57  2
 479  57  1
 480  57  3
 481  57  1
 482  57  1
 483  57  2
 484  57  2
 485  57  2
 486  57  3
 487  57  1
 59  58  2
 62  58  3
 64  58  2
 66  58  1
 67  58  3
 69  58  2
 72  58  3
 107  58  3
 112  58  3
 124  58  1
 192  58  1
 206  58  2
 255  58  2
 282  58  2
 286  58  1
 351  58  1
 373  58  2
 393  58  2
 426  58  2
 439  58  1
 488  58  3
 489  58  1
 490  58  3
 491  58  3
 492  58  2
 493  58  2
 494  58  1
 495  58  1
 62  59  1
 64  59  1
 66  59  1
 69  59  1
 71  59  1
 72  59  1
 256  59  1
 282  59  1
 426  59  1
 430  59  1
 496  59  1
 497  59  1
 498  59  1
 499  59  1
 485  60  2
 64  61  3
 68  61  1
 132  61  1
 244  61  3
 470  61  3
 485  61  1
 500  61  2
 501  61  3
 502  61  1
 63  62  1
 64  62  1
 66  62  1
 67  62  1
 71  62  1
 72  62  1
 140  62  1
 145  62  1
 150  62  1
 185  62  1
 203  62  1
 267  62  1
 341  62  1
 371  62  1
 373  62  1
 476  62  1
 503  62  1
 504  62  1
 505  62  1
 71  63  1
 150  63  1
 427  63  1
 476  63  1
 506  63  1
 507  63  1
 508  63  1
 509  63  1
 65  64  2
 68  64  2
 69  64  2
 72  64  2
 90  64  2
 282  64  1
 483  64  1
 485  64  2
 506  64  2
 510  64  1
 68  65  1
 90  65  2
 282  65  1
 430  65  2
 475  65  1
 476  65  1
 477  65  2
 481  65  2
 483  65  1
 485  65  2
 510  65  2
 511  65  1
 512  65  2
 513  65  1
 514  65  1
 69  66  1
 71  66  1
 72  66  3
 282  66  1
 316  66  2
 368  66  2
 426  66  2
 515  66  2
 238  67  1
 282  67  2
 286  67  3
 430  67  1
 485  67  1
 490  67  3
 491  67  2
 516  67  2
 517  67  2
 518  67  3
 519  67  3
 69  68  1
 90  68  3
 282  68  2
 373  68  2
 430  68  3
 470  68  1
 485  68  3
 500  68  3
 510  68  3
 511  68  2
 520  68  3
 72  69  3
 90  69  1
 219  69  3
 349  69  2
 362  69  2
 426  69  3
 432  69  3
 444  69  3
 466  69  1
 500  69  2
 506  69  2
 509  69  1
 521  69  1
 522  69  2
 523  69  2
 524  69  1
 525  69  1
 526  69  2
 527  69  1
 528  69  1
 529  69  3
 82  70  3
 108  70  2
 117  70  1
 169  70  1
 170  70  1
 182  70  3
 233  70  3
 239  70  2
 280  70  2
 330  70  1
 355  70  2
 444  70  3
 492  70  1
 495  70  3
 530  70  3
 531  70  2
 532  70  1
 134  71  3
 233  71  1
 427  71  2
 429  71  1
 508  71  2
 511  71  2
 533  71  3
 140  72  2
 268  72  1
 282  72  3
 285  72  1
 339  72  2
 351  72  3
 353  72  2
 356  72  1
 369  72  1
 373  72  1
 396  72  1
 423  72  1
 426  72  1
 455  72  1
 500  72  1
 507  72  2
 510  72  1
 511  72  2
 534  72  1
 535  72  3
 536  72  1
 537  72  3
 538  72  1
 539  72  2
 540  72  1
 541  72  3
 542  72  3
 89  73  2
 133  73  3
 260  73  3
 270  73  1
 376  73  2
 378  73  1
 413  73  2
 420  73  1
 422  73  2
 447  73  1
 467  73  3
 528  73  3
 543  73  2
 544  73  2
 545  73  2
 546  73  1
 547  73  1
 548  73  2
 101  74  2
 128  74  1
 134  74  1
 186  74  3
 194  74  3
 196  74  3
 206  74  1
 233  74  2
 254  74  1
 287  74  3
 466  74  2
 504  74  2
 505  74  1
 549  74  3
 550  74  2
 551  74  1
 552  74  2
 553  74  3
 554  74  3
 555  74  2
 148  75  2
 152  75  1
 267  75  1
 354  75  3
 468  75  1
 556  75  1
 557  75  1
 558  75  2
 559  75  2
 560  75  3
 561  75  3
 80  76  2
 84  76  1
 105  76  1
 117  76  2
 119  76  1
 124  76  3
 147  76  3
 150  76  1
 183  76  1
 185  76  2
 186  76  1
 187  76  3
 189  76  3
 190  76  2
 233  76  3
 267  76  1
 269  76  3
 316  76  3
 341  76  1
 352  76  2
 396  76  2
 462  76  1
 466  76  2
 467  76  2
 553  76  3
 562  76  3
 563  76  1
 564  76  2
 565  76  2
 566  76  3
 567  76  3
 568  76  1
 569  76  2
 570  76  1
 571  76  1
 572  76  2
 573  76  3
 147  77  3
 196  77  3
 323  77  1
 420  77  1
 574  77  1
 113  78  1
 120  78  1
 121  78  1
 161  78  3
 162  78  2
 176  78  3
 181  78  1
 183  78  2
 197  78  2
 333  78  3
 575  78  1
 105  79  2
 128  79  1
 133  79  2
 136  79  2
 201  79  3
 322  79  1
 336  79  1
 400  79  2
 576  79  1
 577  79  3
 85  80  3
 105  80  1
 116  80  2
 120  80  2
 127  80  1
 161  80  1
 176  80  1
 184  80  3
 194  80  3
 269  80  3
 274  80  2
 361  80  2
 400  80  2
 401  80  2
 577  80  3
 578  80  3
 579  80  1
 580  80  3
 581  80  2
 582  80  2
 583  80  2
 584  80  1
 94  81  3
 134  81  1
 155  81  2
 204  81  1
 228  81  3
 241  81  3
 243  81  1
 260  81  2
 308  81  2
 333  81  3
 405  81  2
 452  81  3
 454  81  1
 460  81  2
 554  81  2
 585  81  1
 586  81  2
 587  81  2
 588  81  3
 94  82  1
 113  82  1
 176  82  1
 180  82  1
 182  82  1
 201  82  1
 233  82  1
 234  82  1
 237  82  1
 269  82  1
 275  82  1
 277  82  1
 301  82  1
 306  82  1
 381  82  1
 405  82  1
 460  82  1
 520  82  1
 588  82  1
 589  82  1
 143  83  1
 239  83  1
 243  83  1
 388  83  1
 590  83  1
 140  84  1
 141  84  2
 143  84  3
 146  84  2
 150  84  3
 152  84  1
 153  84  3
 332  84  3
 354  84  2
 573  84  1
 591  84  1
 128  85  3
 130  85  1
 193  85  1
 198  85  3
 205  85  3
 212  85  1
 215  85  3
 219  85  1
 222  85  3
 291  85  1
 327  85  1
 328  85  1
 398  85  2
 401  85  3
 518  85  3
 592  85  3
 593  85  1
 594  85  1
 595  85  3
 596  85  2
 94  86  1
 95  86  1
 233  86  1
 378  86  2
 429  86  2
 454  86  1
 597  86  1
 598  86  3
 134  87  2
 183  87  2
 567  87  1
 92  88  1
 193  88  1
 198  88  1
 204  88  1
 219  88  1
 259  88  1
 518  88  1
 594  88  1
 599  88  1
 600  88  1
 601  88  1
 93  89  1
 454  89  1
 464  89  3
 602  89  3
 603  89  2
 604  89  1
 282  90  2
 285  90  3
 396  90  1
 426  90  3
 427  90  2
 430  90  3
 485  90  3
 507  90  1
 510  90  1
 603  90  3
 604  90  3
 605  90  3
 606  90  2
 607  90  1
 608  90  2
 609  90  1
 610  90  3
 233  91  1
 256  91  2
 269  91  1
 369  91  3
 444  91  1
 611  91  3
 612  91  1
 613  91  2
 614  91  1
 615  91  2
 157  92  2
 201  92  1
 259  92  1
 284  92  2
 574  92  2
 616  92  3
 617  92  1
 618  92  2
 619  92  2
 620  92  1
 118  93  2
 189  93  3
 191  93  2
 454  93  1
 465  93  3
 602  93  3
 603  93  1
 621  93  1
 622  93  3
 623  93  2
 624  93  2
 625  93  3
 626  93  2
 627  93  3
 628  93  1
 629  93  2
 99  94  1
 131  94  3
 137  94  1
 231  94  1
 233  94  3
 237  94  3
 241  94  2
 266  94  2
 351  94  3
 376  94  3
 457  94  2
 568  94  3
 597  94  1
 598  94  2
 606  94  2
 630  94  2
 631  94  3
 632  94  1
 633  94  2
 454  95  3
 632  95  3
 100  96  3
 376  96  3
 457  96  2
 610  96  3
 612  96  1
 634  96  2
 598  98  1
 627  98  1
 635  98  2
 636  98  2
 135  99  2
 189  99  3
 602  99  2
 598  100  2
 128  101  2
 132  101  1
 196  101  2
 265  101  1
 271  101  1
 404  101  2
 468  101  2
 554  101  2
 582  101  1
 637  101  1
 638  101  2
 339  102  3
 370  102  2
 246  103  1
 614  103  1
 639  103  2
 105  104  2
 128  104  1
 135  104  1
 154  104  1
 201  104  3
 218  104  1
 327  104  1
 333  104  1
 404  104  1
 501  104  3
 640  104  2
 116  105  3
 128  105  3
 129  105  3
 183  105  1
 196  105  1
 198  105  3
 200  105  2
 201  105  2
 202  105  1
 203  105  2
 204  105  2
 205  105  2
 206  105  1
 210  105  3
 213  105  2
 214  105  3
 216  105  3
 217  105  2
 218  105  1
 227  105  3
 236  105  3
 251  105  2
 259  105  1
 274  105  2
 284  105  3
 291  105  3
 307  105  1
 321  105  3
 331  105  1
 333  105  2
 335  105  2
 361  105  3
 378  105  1
 390  105  3
 400  105  1
 414  105  1
 420  105  3
 437  105  2
 439  105  1
 446  105  1
 468  105  3
 472  105  1
 503  105  2
 545  105  3
 578  105  3
 596  105  1
 641  105  2
 642  105  1
 643  105  3
 644  105  2
 645  105  3
 646  105  2
 647  105  3
 648  105  3
 649  105  1
 650  105  2
 651  105  3
 134  106  3
 137  106  2
 268  106  2
 339  106  1
 358  106  2
 391  106  1
 415  106  3
 425  106  1
 452  106  3
 458  106  2
 467  106  1
 538  106  1
 588  106  3
 652  106  1
 653  106  1
 654  106  2
 655  106  1
 656  106  3
 657  106  2
 658  106  3
 659  106  2
 660  106  2
 661  106  3
 662  106  1
 663  106  2
 664  106  3
 665  106  2
 128  107  3
 182  107  3
 196  107  1
 200  107  3
 206  107  1
 217  107  3
 252  107  1
 263  107  1
 666  107  1
 667  107  3
 668  107  1
 120  108  2
 296  108  3
 117  110  1
 119  110  1
 124  110  2
 182  110  1
 532  110  1
 569  110  3
 669  110  3
 114  112  3
 120  112  3
 163  112  2
 165  112  2
 167  112  3
 168  112  1
 170  112  1
 179  112  1
 181  112  3
 271  112  1
 280  112  1
 333  112  1
 355  112  3
 670  112  2
 671  112  2
 120  113  1
 124  113  2
 134  113  2
 162  113  3
 163  113  3
 168  113  1
 176  113  3
 181  113  2
 532  113  2
 672  113  3
 117  114  2
 179  114  2
 569  114  2
 669  114  1
 224  115  2
 225  115  1
 255  115  1
 287  115  1
 367  115  2
 454  115  2
 668  115  1
 673  115  3
 674  115  3
 675  115  2
 127  116  1
 128  116  2
 194  116  1
 198  116  2
 201  116  2
 204  116  2
 205  116  2
 206  116  2
 210  116  2
 213  116  2
 214  116  1
 215  116  2
 269  116  1
 274  116  2
 289  116  1
 305  116  1
 307  116  2
 344  116  2
 390  116  2
 435  116  1
 439  116  1
 446  116  1
 468  116  2
 470  116  2
 593  116  1
 642  116  1
 648  116  2
 676  116  1
 677  116  2
 678  116  1
 679  116  2
 680  116  1
 681  116  1
 119  117  1
 120  117  2
 124  117  1
 133  117  1
 135  117  1
 161  117  2
 167  117  2
 185  117  2
 532  117  1
 569  117  2
 682  117  1
 205  118  2
 441  118  2
 469  118  1
 517  118  1
 629  118  1
 683  118  1
 684  118  1
 124  119  1
 169  119  2
 569  119  1
 669  119  1
 161  120  2
 163  120  2
 165  120  2
 166  120  1
 168  120  2
 169  120  1
 170  120  2
 172  120  2
 174  120  2
 176  120  2
 178  120  2
 179  120  2
 181  120  3
 182  120  2
 233  120  1
 297  120  3
 332  120  3
 532  120  2
 563  120  3
 569  120  1
 669  120  1
 685  120  3
 163  121  3
 165  121  1
 166  121  2
 168  121  2
 169  121  2
 172  121  2
 174  121  1
 178  121  3
 563  121  1
 252  122  3
 287  122  1
 290  122  2
 329  122  2
 331  122  1
 355  122  1
 429  122  3
 543  122  3
 545  122  1
 686  122  3
 687  122  3
 688  122  3
 689  122  1
 176  124  3
 183  124  2
 555  124  2
 569  124  1
 690  124  1
 691  124  1
 137  125  1
 182  125  1
 255  125  1
 287  125  1
 329  125  1
 367  125  2
 429  125  1
 692  125  3
 693  125  1
 694  125  3
 684  126  3
 199  127  2
 208  127  2
 219  127  2
 274  127  2
 446  127  2
 594  127  1
 647  127  2
 648  127  1
 649  127  2
 695  127  1
 696  127  1
 137  128  1
 182  128  3
 194  128  1
 196  128  3
 201  128  3
 206  128  1
 207  128  3
 217  128  1
 231  128  3
 243  128  1
 274  128  3
 289  128  3
 293  128  2
 303  128  3
 305  128  2
 321  128  2
 324  128  3
 325  128  3
 429  128  3
 435  128  3
 439  128  3
 680  128  1
 697  128  1
 200  129  2
 317  129  1
 641  129  1
 643  129  3
 194  130  2
 205  130  2
 327  130  3
 401  130  3
 437  130  3
 468  130  2
 672  130  1
 698  130  1
 699  130  3
 134  131  1
 135  131  3
 137  131  1
 155  131  3
 234  131  2
 297  131  3
 330  131  2
 460  131  2
 481  131  2
 536  131  2
 585  131  1
 611  131  3
 614  131  2
 677  131  1
 700  131  1
 701  131  1
 702  131  2
 703  131  2
 704  131  1
 244  132  3
 259  132  3
 313  132  3
 331  132  2
 470  132  3
 501  132  1
 547  132  2
 617  132  1
 638  132  3
 134  133  1
 213  133  1
 234  133  3
 282  133  1
 446  133  2
 475  133  2
 565  133  3
 135  134  1
 140  134  1
 155  134  1
 227  134  1
 240  134  1
 254  134  1
 314  134  1
 338  134  1
 351  134  1
 368  134  1
 372  134  1
 377  134  1
 418  134  1
 445  134  1
 448  134  1
 481  134  1
 487  134  1
 585  134  1
 586  134  1
 607  134  1
 663  134  1
 691  134  1
 705  134  1
 706  134  1
 707  134  1
 708  134  1
 709  134  1
 148  135  2
 155  135  3
 184  135  3
 196  135  2
 227  135  3
 311  135  3
 332  135  2
 340  135  3
 367  135  2
 387  135  3
 394  135  1
 397  135  3
 431  135  2
 457  135  1
 467  135  3
 480  135  2
 504  135  1
 524  135  3
 545  135  3
 568  135  3
 586  135  2
 598  135  2
 606  135  1
 693  135  1
 710  135  2
 711  135  3
 712  135  3
 713  135  1
 714  135  1
 715  135  1
 213  136  1
 302  136  3
 313  136  1
 533  136  1
 565  136  1
 576  136  1
 612  136  2
 682  136  3
 716  136  3
 717  136  2
 718  136  2
 138  137  1
 182  137  2
 214  137  1
 230  137  3
 233  137  3
 238  137  2
 239  137  1
 243  137  2
 269  137  1
 321  137  3
 332  137  2
 362  137  3
 376  137  3
 413  137  3
 420  137  2
 443  137  3
 452  137  2
 454  137  1
 459  137  3
 520  137  3
 554  137  2
 585  137  1
 588  137  1
 662  137  2
 711  137  2
 230  138  2
 240  138  3
 146  139  3
 147  139  1
 142  140  3
 143  140  2
 145  140  2
 146  140  2
 147  140  1
 148  140  1
 149  140  3
 150  140  3
 152  140  2
 267  140  3
 299  140  3
 300  140  2
 312  140  3
 313  140  1
 314  140  2
 329  140  3
 332  140  3
 333  140  2
 349  140  3
 354  140  2
 396  140  2
 504  140  3
 505  140  2
 573  140  1
 649  140  3
 719  140  2
 720  140  3
 721  140  3
 722  140  3
 142  141  1
 146  141  3
 152  141  3
 354  141  1
 719  141  1
 723  141  1
 143  142  2
 146  142  2
 147  142  3
 148  142  1
 150  142  2
 152  142  1
 313  142  1
 332  142  3
 354  142  1
 355  142  1
 404  142  1
 443  142  3
 504  142  2
 578  142  3
 591  142  2
 649  142  1
 723  142  1
 724  142  3
 146  143  1
 147  143  3
 239  143  3
 276  143  1
 299  143  3
 332  143  2
 381  143  3
 396  143  2
 410  143  1
 411  143  3
 413  143  1
 504  143  2
 590  143  2
 591  143  1
 633  143  2
 723  143  1
 725  143  2
 726  143  3
 727  143  2
 728  143  3
 729  143  3
 730  143  2
 731  143  1
 364  144  2
 387  144  1
 556  144  3
 559  144  3
 732  144  3
 733  144  2
 734  144  1
 146  145  1
 150  145  1
 152  145  1
 185  145  3
 237  145  3
 241  145  1
 267  145  2
 331  145  1
 354  145  3
 371  145  1
 372  145  2
 416  145  1
 573  145  2
 735  145  1
 736  145  3
 147  146  3
 148  146  1
 149  146  3
 150  146  1
 152  146  2
 185  146  2
 229  146  2
 239  146  1
 316  146  3
 332  146  3
 354  146  2
 362  146  2
 371  146  2
 428  146  1
 505  146  3
 573  146  3
 737  146  2
 150  147  3
 152  147  3
 183  147  3
 239  147  1
 314  147  2
 354  147  2
 396  147  1
 507  147  3
 573  147  1
 720  147  1
 738  147  2
 739  147  3
 152  148  3
 206  148  1
 364  148  3
 378  148  2
 573  148  2
 719  148  2
 150  149  2
 152  149  1
 185  149  1
 267  149  2
 371  149  2
 505  149  1
 573  149  1
 692  149  1
 721  149  1
 737  149  1
 152  150  1
 183  150  1
 241  150  1
 243  150  1
 354  150  1
 404  150  1
 540  150  1
 573  150  1
 578  150  1
 241  151  1
 185  152  1
 243  152  1
 267  152  1
 300  152  1
 371  152  1
 557  152  1
 559  152  1
 573  152  1
 723  152  1
 735  152  1
 737  152  1
 739  152  1
 740  152  1
 741  152  1
 742  152  1
 356  153  2
 396  153  1
 412  153  3
 590  153  2
 591  153  3
 743  153  3
 744  153  2
 745  153  2
 746  153  3
 747  153  1
 748  153  2
 218  154  3
 237  155  2
 344  155  2
 346  155  2
 362  155  2
 375  155  2
 377  155  2
 378  155  1
 415  155  1
 418  155  2
 445  155  2
 585  155  1
 586  155  2
 677  155  2
 268  156  2
 269  156  2
 662  156  1
 687  156  3
 702  156  3
 246  157  3
 332  157  3
 333  157  3
 335  157  1
 741  157  3
 749  157  3
 183  158  1
 391  158  1
 395  158  1
 649  158  1
 661  158  1
 750  158  1
 751  158  1
 752  158  1
 753  158  1
 754  158  1
 755  158  1
 434  159  3
 756  159  1
 757  160  2
 758  160  3
 759  160  2
 183  161  2
 185  161  3
 190  161  3
 584  161  2
 176  162  2
 196  162  3
 197  162  3
 198  162  2
 297  162  3
 327  162  2
 401  162  2
 584  162  1
 699  162  3
 322  163  1
 351  163  1
 489  163  1
 633  163  2
 760  163  1
 165  164  2
 167  164  1
 168  164  3
 173  164  2
 271  164  2
 322  164  2
 166  165  1
 167  165  1
 168  165  1
 172  165  1
 174  165  1
 239  165  1
 297  165  1
 563  165  1
 168  166  2
 178  166  3
 182  166  3
 361  166  2
 492  166  1
 237  167  1
 532  167  3
 237  168  2
 322  168  1
 532  168  2
 563  168  3
 691  168  2
 490  170  3
 501  171  3
 584  171  2
 297  172  3
 563  172  2
 181  176  1
 182  176  2
 196  176  1
 197  176  2
 198  176  3
 220  176  1
 327  176  3
 390  176  2
 584  176  2
 761  176  2
 182  177  3
 584  177  2
 244  178  2
 280  179  2
 669  179  1
 197  181  2
 314  181  2
 344  181  1
 549  181  2
 231  182  1
 234  182  2
 237  182  3
 241  182  1
 277  182  1
 287  182  1
 292  182  1
 296  182  3
 532  182  3
 563  182  1
 762  182  1
 763  182  3
 185  183  1
 187  183  1
 189  183  1
 190  183  1
 191  183  1
 341  183  1
 359  183  1
 367  183  1
 381  183  1
 384  183  1
 393  183  1
 551  183  1
 566  183  1
 567  183  1
 602  183  1
 604  183  1
 625  183  1
 700  183  1
 715  183  1
 724  183  1
 726  183  1
 764  183  1
 765  183  1
 766  183  1
 185  184  2
 189  184  3
 191  184  3
 206  184  1
 269  184  3
 572  184  1
 579  184  2
 190  185  1
 267  185  1
 300  185  1
 329  185  1
 331  185  1
 354  185  1
 364  185  1
 371  185  1
 389  185  1
 416  185  1
 559  185  1
 569  185  1
 573  185  1
 578  185  1
 736  185  1
 742  185  1
 767  185  1
 414  186  1
 429  186  3
 549  186  2
 580  186  1
 603  186  2
 638  186  2
 639  186  2
 711  186  2
 768  186  1
 396  187  1
 466  187  2
 567  187  2
 589  187  1
 766  187  1
 455  188  2
 467  188  1
 562  188  2
 578  188  2
 588  188  1
 654  188  1
 660  188  2
 663  188  1
 769  188  2
 770  188  1
 771  188  1
 772  188  2
 191  189  1
 454  189  1
 464  189  1
 578  189  1
 602  189  1
 622  189  1
 623  189  1
 773  189  1
 774  189  1
 566  190  3
 567  190  1
 573  190  2
 316  191  2
 454  191  1
 464  191  1
 622  191  3
 206  192  1
 224  192  1
 248  192  3
 288  192  2
 323  192  3
 446  192  2
 503  192  3
 698  192  1
 775  192  1
 776  192  2
 196  193  3
 204  193  3
 212  193  3
 215  193  2
 219  193  2
 222  193  1
 328  193  3
 361  193  3
 363  193  3
 401  193  3
 446  193  1
 518  193  1
 592  193  3
 594  193  1
 599  193  1
 600  193  1
 601  193  2
 775  193  2
 196  194  2
 204  194  1
 210  194  1
 263  194  1
 293  194  1
 317  194  1
 325  194  1
 361  194  1
 390  194  2
 400  194  2
 439  194  2
 649  194  1
 705  194  1
 777  194  1
 255  195  2
 489  195  3
 671  195  2
 675  195  3
 694  195  2
 778  195  1
 197  196  3
 201  196  1
 204  196  1
 207  196  2
 210  196  1
 212  196  2
 214  196  3
 218  196  3
 220  196  1
 237  196  1
 263  196  2
 269  196  2
 274  196  3
 289  196  3
 317  196  2
 327  196  1
 333  196  2
 361  196  2
 364  196  2
 390  196  1
 439  196  2
 446  196  2
 472  196  2
 473  196  2
 599  196  3
 678  196  2
 691  196  1
 695  196  2
 777  196  1
 779  196  2
 780  196  3
 781  196  1
 204  197  1
 212  197  3
 220  197  3
 289  197  2
 327  197  3
 390  197  3
 780  197  3
 782  197  2
 204  198  2
 205  198  2
 206  198  2
 207  198  2
 212  198  2
 215  198  2
 219  198  1
 222  198  1
 327  198  1
 401  198  1
 441  198  1
 512  198  1
 584  198  2
 594  198  1
 629  198  2
 642  198  2
 647  198  2
 695  198  1
 698  198  2
 775  198  1
 780  198  1
 783  198  2
 215  199  1
 216  199  1
 218  199  1
 221  199  1
 286  199  1
 289  199  1
 363  199  1
 649  199  1
 687  199  1
 725  199  1
 780  199  1
 784  199  1
 785  199  1
 786  199  1
 205  200  2
 219  200  3
 259  200  1
 271  200  2
 284  200  2
 333  200  1
 470  200  2
 545  200  1
 596  200  3
 617  200  1
 641  200  1
 642  200  3
 643  200  2
 645  200  3
 646  200  1
 647  200  2
 692  200  1
 787  200  2
 788  200  2
 202  201  2
 206  201  3
 218  201  3
 233  201  3
 258  201  1
 274  201  2
 291  201  3
 293  201  1
 325  201  2
 335  201  1
 336  201  3
 361  201  1
 438  201  3
 474  201  2
 650  201  3
 214  202  2
 251  202  1
 258  202  1
 321  202  2
 335  202  1
 348  202  2
 399  202  2
 474  202  1
 586  202  2
 206  203  2
 263  203  3
 291  203  2
 323  203  3
 332  203  3
 371  203  3
 416  203  3
 503  203  1
 573  203  1
 789  203  2
 205  204  1
 207  204  1
 209  204  1
 210  204  1
 211  204  1
 213  204  1
 214  204  1
 216  204  1
 217  204  1
 218  204  1
 233  204  1
 251  204  1
 263  204  1
 272  204  1
 274  204  1
 291  204  1
 293  204  1
 328  204  1
 335  204  1
 361  204  1
 378  204  1
 390  204  1
 438  204  1
 446  204  1
 472  204  1
 503  204  1
 594  204  1
 790  204  1
 791  204  1
 207  205  1
 208  205  2
 210  205  1
 211  205  3
 212  205  2
 215  205  2
 216  205  1
 217  205  2
 219  205  3
 222  205  2
 274  205  3
 289  205  3
 291  205  1
 336  205  2
 390  205  3
 401  205  3
 446  205  3
 594  205  2
 648  205  1
 698  205  3
 783  205  1
 792  205  2
 210  206  2
 213  206  1
 214  206  3
 215  206  2
 222  206  3
 263  206  2
 322  206  2
 327  206  2
 361  206  2
 400  206  3
 439  206  1
 446  206  2
 695  206  3
 212  207  3
 213  207  3
 216  207  2
 327  207  1
 364  207  1
 390  207  1
 473  207  3
 629  207  1
 698  207  1
 212  208  1
 219  208  3
 274  208  2
 343  208  1
 446  208  3
 468  208  3
 596  208  3
 648  208  3
 792  208  1
 215  209  1
 218  209  2
 404  209  1
 596  209  2
 214  210  1
 233  210  1
 274  210  1
 322  210  1
 361  210  2
 400  210  1
 404  210  3
 425  210  2
 439  210  2
 446  210  3
 642  210  2
 672  210  3
 676  210  3
 698  210  1
 212  211  2
 215  211  2
 219  211  2
 289  211  3
 401  211  3
 578  211  3
 680  211  1
 698  211  1
 781  211  1
 792  211  3
 213  212  3
 215  212  1
 216  212  1
 219  212  3
 222  212  1
 327  212  2
 328  212  2
 401  212  2
 441  212  3
 472  212  2
 560  212  3
 698  212  1
 792  212  2
 793  212  1
 794  212  2
 795  212  3
 284  213  1
 286  213  1
 307  213  1
 364  213  1
 366  213  1
 437  213  1
 472  213  1
 474  213  1
 677  213  1
 793  213  1
 796  213  1
 797  213  1
 243  214  3
 263  214  1
 274  214  3
 293  214  1
 361  214  1
 429  214  2
 438  214  3
 503  214  3
 650  214  3
 688  214  2
 692  214  3
 216  215  3
 218  215  1
 219  215  2
 221  215  3
 222  215  2
 289  215  3
 363  215  1
 401  215  2
 518  215  1
 592  215  2
 594  215  2
 642  215  2
 698  215  3
 780  215  3
 786  215  3
 218  216  1
 219  216  2
 221  216  1
 289  216  2
 390  216  2
 439  216  2
 599  216  2
 642  216  1
 696  216  1
 780  216  1
 786  216  2
 798  216  2
 221  217  3
 243  217  2
 293  217  3
 501  217  2
 545  217  3
 775  217  3
 794  217  1
 274  218  3
 335  218  3
 363  218  2
 439  218  2
 532  218  3
 578  218  2
 599  218  3
 629  218  1
 640  218  1
 780  218  3
 799  218  3
 222  219  1
 289  219  2
 401  219  2
 472  219  1
 592  219  2
 595  219  1
 650  219  2
 692  219  2
 695  219  2
 696  219  2
 698  219  1
 725  219  1
 790  219  1
 792  219  2
 800  219  1
 801  219  2
 390  220  2
 802  220  3
 289  221  3
 363  221  3
 555  221  3
 599  221  1
 647  221  2
 780  221  3
 786  221  2
 592  222  1
 594  222  2
 742  222  1
 803  222  1
 804  222  1
 495  223  1
 549  223  1
 678  223  1
 805  223  1
 355  224  1
 495  224  1
 674  224  3
 675  224  3
 806  224  1
 806  225  1
 528  226  2
 324  227  1
 368  227  2
 378  227  2
 410  227  1
 518  227  2
 532  227  1
 578  227  2
 807  227  3
 241  228  3
 271  228  3
 314  228  1
 340  228  3
 399  228  3
 404  228  2
 808  228  2
 454  229  3
 233  230  2
 239  230  3
 240  230  3
 298  230  1
 443  230  1
 613  230  1
 775  230  1
 809  230  2
 240  231  2
 243  231  2
 254  231  1
 334  231  2
 346  231  1
 810  231  2
 235  233  2
 238  233  1
 239  233  1
 240  233  1
 243  233  3
 254  233  2
 255  233  3
 282  233  3
 305  233  1
 306  233  2
 378  233  2
 439  233  1
 444  233  3
 534  233  1
 585  233  2
 590  233  1
 607  233  1
 633  233  2
 660  233  2
 692  233  3
 711  233  1
 811  233  2
 812  233  3
 813  233  1
 814  233  1
 815  233  1
 816  233  1
 376  234  3
 817  234  2
 257  235  1
 305  235  2
 415  235  2
 452  235  3
 456  235  3
 458  235  3
 541  235  2
 568  235  3
 662  235  3
 818  235  1
 269  237  2
 305  237  1
 316  237  1
 340  237  1
 355  237  1
 444  237  2
 464  237  2
 503  237  2
 532  237  2
 585  237  1
 624  237  2
 631  237  1
 633  237  2
 702  237  1
 705  237  1
 707  237  1
 819  237  1
 820  237  1
 821  237  1
 822  237  2
 428  238  1
 447  238  1
 453  238  1
 460  238  2
 487  238  3
 513  238  1
 564  238  3
 709  238  1
 823  238  1
 824  238  2
 243  239  1
 306  239  2
 330  239  1
 434  239  2
 504  239  2
 590  239  3
 591  239  2
 812  239  1
 813  239  1
 825  239  2
 248  240  2
 306  240  1
 405  240  3
 440  240  1
 443  240  1
 444  240  1
 776  240  3
 826  240  3
 243  241  2
 269  241  3
 316  241  3
 340  241  3
 367  241  1
 392  241  1
 415  241  2
 452  241  2
 456  241  1
 466  241  3
 475  241  1
 484  241  2
 585  241  1
 588  241  1
 827  241  1
 418  242  1
 578  242  1
 828  242  1
 303  243  1
 332  243  1
 373  243  3
 396  243  1
 431  243  1
 452  243  3
 504  243  1
 588  243  2
 591  243  3
 633  243  2
 826  243  3
 829  243  3
 830  243  1
 831  243  3
 378  244  1
 470  244  1
 501  244  1
 832  244  2
 246  245  3
 248  245  1
 250  245  3
 335  245  3
 354  245  3
 250  246  3
 362  246  2
 399  246  3
 585  246  3
 331  248  2
 379  248  2
 392  248  2
 443  248  1
 512  248  2
 555  248  1
 775  248  3
 809  248  2
 833  248  2
 834  248  1
 306  249  1
 252  250  1
 284  250  2
 367  250  3
 429  250  1
 687  250  1
 702  250  2
 258  251  2
 331  251  2
 333  251  1
 335  251  3
 420  251  2
 437  251  3
 835  251  3
 306  252  1
 321  252  3
 433  252  3
 711  252  2
 259  254  1
 269  254  2
 334  254  1
 338  254  2
 346  254  1
 585  254  2
 677  254  2
 810  254  1
 277  255  2
 287  255  3
 333  255  3
 355  255  1
 367  255  1
 489  255  1
 694  255  2
 836  255  1
 837  255  1
 838  255  1
 839  255  3
 269  256  2
 499  256  2
 572  256  3
 612  256  3
 614  256  1
 659  256  3
 716  256  1
 769  256  2
 840  256  1
 841  256  1
 842  256  1
 316  257  3
 354  257  2
 369  257  3
 423  257  1
 458  257  1
 568  257  2
 660  257  2
 843  257  3
 844  257  2
 348  258  3
 293  259  3
 305  259  2
 333  259  1
 420  259  1
 472  259  3
 666  259  3
 672  259  1
 418  260  1
 458  260  1
 718  260  2
 755  260  2
 845  260  3
 846  260  2
 368  262  1
 377  262  1
 288  263  1
 439  263  3
 446  263  2
 503  263  1
 447  264  1
 564  264  1
 847  264  1
 848  264  1
 849  264  1
 272  265  2
 284  265  3
 307  265  2
 850  265  3
 376  266  1
 598  266  3
 300  267  1
 341  267  2
 503  267  2
 556  267  1
 557  267  3
 573  267  2
 710  267  3
 719  267  1
 851  267  3
 852  267  2
 316  268  2
 340  268  3
 354  268  1
 358  268  3
 362  268  1
 365  268  3
 368  268  2
 369  268  1
 395  268  1
 415  268  3
 425  268  3
 452  268  2
 568  268  1
 657  268  1
 659  268  2
 663  268  1
 767  268  3
 853  268  1
 588  269  1
 614  269  1
 701  269  1
 702  269  1
 711  269  1
 854  269  1
 855  269  1
 351  270  3
 378  270  2
 399  270  1
 585  270  1
 620  270  1
 632  270  2
 815  270  3
 816  270  3
 829  270  1
 856  270  1
 857  270  1
 858  270  1
 314  271  3
 333  271  3
 355  271  2
 356  271  2
 372  271  2
 392  271  3
 398  271  1
 404  271  2
 434  271  1
 750  271  2
 836  271  2
 859  271  1
 860  271  2
 861  271  1
 355  273  2
 501  273  2
 689  273  3
 862  273  1
 327  274  3
 382  274  1
 390  274  1
 437  274  1
 439  274  2
 446  274  1
 470  274  2
 593  274  2
 594  274  1
 695  274  2
 863  274  3
 279  275  1
 353  275  1
 378  275  1
 415  275  1
 451  275  1
 458  275  1
 864  275  1
 299  276  1
 333  276  1
 388  276  1
 393  276  1
 413  276  1
 414  276  1
 458  276  1
 591  276  1
 756  276  1
 859  276  1
 865  276  1
 866  276  1
 323  277  1
 694  277  1
 867  277  2
 554  278  2
 564  278  2
 824  278  3
 847  278  3
 848  278  3
 868  278  1
 869  278  2
 870  278  3
 871  278  3
 372  279  2
 415  279  2
 417  279  1
 451  279  2
 568  279  1
 598  279  2
 654  279  1
 872  279  2
 372  280  3
 392  280  3
 532  280  3
 671  280  3
 694  280  2
 339  281  1
 426  282  2
 427  282  1
 430  282  2
 444  282  1
 485  282  1
 510  282  1
 355  283  3
 495  283  1
 329  284  3
 393  284  2
 420  284  3
 429  284  1
 434  284  3
 542  284  3
 543  284  3
 591  284  1
 686  284  3
 725  284  3
 729  284  2
 485  285  1
 500  285  1
 506  285  2
 508  285  2
 540  285  2
 289  286  1
 295  287  1
 346  287  1
 367  287  1
 489  287  1
 565  287  1
 839  287  1
 873  287  1
 874  287  1
 875  287  1
 876  287  1
 877  287  1
 878  287  1
 879  287  1
 327  289  2
 401  289  1
 584  289  3
 780  289  1
 781  289  3
 786  289  3
 355  290  2
 495  290  1
 668  290  3
 671  290  2
 693  290  1
 694  290  2
 837  290  2
 838  290  3
 880  290  3
 322  291  2
 336  291  2
 446  291  1
 547  291  2
 592  291  1
 725  291  2
 414  293  3
 783  293  2
 495  295  1
 875  295  3
 308  296  1
 881  296  1
 441  297  1
 584  297  1
 699  297  2
 877  297  2
 882  297  2
 429  298  2
 443  298  2
 590  298  3
 883  298  3
 884  298  2
 316  299  1
 332  299  1
 333  299  1
 386  299  1
 389  299  1
 393  299  1
 396  299  1
 398  299  1
 409  299  1
 410  299  1
 429  299  1
 431  299  1
 434  299  1
 504  299  1
 542  299  1
 552  299  1
 571  299  1
 590  299  1
 725  299  1
 726  299  1
 729  299  1
 730  299  1
 756  299  1
 788  299  1
 884  299  1
 885  299  1
 886  299  1
 887  299  1
 888  299  1
 371  300  3
 392  300  2
 414  300  1
 545  300  3
 573  300  1
 688  300  3
 331  301  2
 482  301  1
 847  301  1
 849  301  1
 811  302  3
 322  303  1
 341  303  1
 380  303  1
 381  303  1
 382  303  1
 383  303  1
 384  303  1
 385  303  1
 386  303  1
 387  303  1
 393  303  1
 439  303  1
 468  303  1
 889  303  1
 890  303  1
 891  303  1
 892  303  1
 893  303  1
 894  303  1
 895  303  1
 896  303  1
 329  304  3
 897  304  3
 307  305  1
 308  305  2
 330  305  3
 393  305  1
 438  305  1
 520  305  3
 676  305  3
 729  305  1
 311  306  1
 687  306  1
 749  306  1
 898  306  3
 899  306  3
 900  306  2
 435  307  3
 438  307  2
 901  307  3
 339  308  2
 358  308  1
 378  308  2
 425  308  3
 452  308  3
 456  308  1
 458  308  1
 534  308  3
 541  308  2
 551  308  1
 658  308  1
 761  308  1
 817  308  3
 844  308  2
 881  308  3
 413  309  2
 479  309  3
 311  310  3
 312  310  2
 902  310  1
 903  310  1
 312  311  3
 314  311  2
 329  311  1
 899  311  2
 329  312  1
 555  312  1
 860  312  1
 904  312  1
 905  312  1
 906  312  1
 907  312  1
 908  312  1
 315  313  2
 350  313  1
 378  313  1
 397  313  1
 404  313  1
 457  313  1
 711  313  1
 712  313  2
 718  313  1
 765  313  1
 795  313  1
 909  313  1
 910  313  1
 911  313  1
 438  314  1
 458  314  1
 466  314  2
 523  314  2
 527  314  1
 558  314  3
 902  314  2
 912  314  3
 348  315  3
 396  315  1
 457  315  3
 468  315  2
 611  315  3
 712  315  3
 795  315  1
 339  316  2
 349  316  2
 354  316  2
 358  316  3
 368  316  1
 378  316  3
 409  316  1
 415  316  2
 495  316  1
 515  316  1
 532  316  1
 562  316  1
 662  316  1
 707  316  1
 827  316  1
 913  316  2
 914  316  1
 321  317  1
 322  317  1
 599  317  2
 780  317  1
 915  319  1
 321  320  2
 323  320  1
 326  320  1
 517  320  3
 697  320  3
 322  321  2
 323  321  3
 324  321  2
 325  321  2
 363  321  1
 429  321  2
 435  321  1
 442  321  1
 692  321  1
 697  321  3
 916  321  2
 325  322  1
 336  322  2
 390  322  2
 400  322  2
 438  322  1
 439  322  2
 442  322  2
 446  322  1
 568  322  2
 915  322  1
 917  322  2
 326  323  1
 640  323  1
 697  323  1
 325  324  1
 372  324  3
 666  324  3
 328  325  1
 363  325  2
 629  326  2
 681  326  3
 918  326  1
 390  327  3
 401  327  3
 578  327  3
 584  327  2
 592  327  2
 595  327  3
 629  327  2
 780  327  3
 363  328  3
 331  329  1
 332  329  2
 333  329  2
 335  329  2
 355  329  3
 384  329  1
 415  329  2
 420  329  1
 433  329  3
 542  329  1
 543  329  3
 581  329  1
 673  329  1
 375  330  2
 378  330  1
 585  330  2
 711  330  2
 881  330  3
 919  330  3
 333  331  1
 336  331  1
 339  331  1
 384  331  1
 420  331  1
 423  331  1
 433  331  1
 543  331  1
 564  331  1
 775  331  1
 827  331  1
 381  332  1
 383  332  1
 386  332  2
 389  332  2
 393  332  2
 396  332  3
 407  332  1
 412  332  1
 431  332  2
 434  332  2
 504  332  2
 543  332  2
 591  332  2
 724  332  1
 730  332  2
 893  332  1
 895  332  1
 905  332  2
 920  332  2
 335  333  2
 336  333  3
 337  333  3
 364  333  2
 372  333  2
 381  333  1
 384  333  3
 390  333  3
 410  333  3
 420  333  2
 434  333  2
 457  333  2
 466  333  2
 470  333  1
 489  333  3
 513  333  3
 532  333  2
 543  333  2
 545  333  3
 558  333  1
 564  333  2
 574  333  1
 641  333  2
 658  333  3
 743  333  3
 861  333  1
 870  333  3
 921  333  2
 922  333  1
 354  334  1
 368  334  1
 376  334  3
 457  334  2
 608  334  1
 612  334  3
 634  334  3
 810  334  2
 923  334  2
 924  334  1
 925  334  1
 420  335  2
 532  335  1
 543  335  1
 650  335  3
 926  335  3
 469  336  2
 620  336  2
 908  336  2
 356  337  3
 383  337  3
 409  337  1
 433  337  2
 468  337  3
 503  337  1
 778  337  1
 927  337  3
 354  338  3
 429  338  1
 587  338  2
 603  338  2
 638  338  1
 661  338  2
 340  339  2
 344  339  1
 354  339  2
 368  339  3
 484  339  2
 545  339  2
 554  339  1
 565  339  2
 576  339  3
 761  339  3
 928  339  2
 929  339  2
 930  339  3
 931  339  2
 932  339  3
 933  339  2
 354  340  3
 362  340  3
 365  340  2
 658  340  2
 761  340  2
 846  340  3
 934  340  2
 935  340  2
 357  341  3
 364  341  3
 371  341  2
 380  341  2
 382  341  2
 384  341  2
 385  341  2
 389  341  3
 393  341  1
 413  341  3
 416  341  1
 512  341  2
 571  341  3
 573  341  3
 578  341  3
 736  341  2
 884  341  2
 889  341  1
 890  341  3
 891  341  2
 892  341  1
 896  341  2
 908  341  3
 936  341  3
 937  341  3
 938  341  2
 881  342  2
 400  343  1
 446  343  3
 698  343  2
 415  344  2
 466  344  3
 489  344  2
 541  344  1
 549  344  3
 564  344  1
 568  344  3
 660  344  1
 677  344  1
 939  344  1
 350  345  3
 368  346  1
 375  346  2
 399  346  1
 418  346  1
 551  346  2
 356  347  3
 590  347  2
 743  347  3
 746  347  1
 748  347  1
 940  347  1
 941  347  3
 942  347  2
 943  347  3
 944  347  3
 945  347  3
 946  347  2
 445  348  1
 585  348  1
 611  348  1
 362  349  3
 523  349  3
 947  349  1
 366  350  2
 711  350  1
 948  350  2
 949  350  2
 368  351  1
 554  351  2
 632  351  2
 687  351  1
 705  351  3
 727  351  3
 829  351  2
 844  351  1
 870  351  3
 455  352  1
 467  352  3
 562  352  2
 588  352  3
 654  352  3
 656  352  3
 660  352  1
 769  352  3
 950  352  2
 951  352  1
 952  352  2
 953  352  3
 392  353  1
 501  353  3
 538  353  2
 568  353  2
 578  353  3
 841  353  3
 954  353  1
 356  354  2
 358  354  2
 365  354  2
 368  354  3
 371  354  2
 399  354  3
 415  354  1
 505  354  1
 573  354  1
 720  354  3
 767  354  3
 859  354  1
 930  354  3
 955  354  1
 356  355  1
 357  355  2
 367  355  3
 392  355  1
 402  355  3
 416  355  1
 468  355  3
 489  355  2
 495  355  2
 501  355  3
 532  355  1
 666  355  3
 668  355  1
 671  355  3
 691  355  2
 693  355  3
 694  355  1
 838  355  1
 874  355  1
 956  355  2
 957  355  2
 958  355  2
 959  355  3
 389  356  1
 392  356  1
 399  356  1
 407  356  1
 410  356  2
 414  356  3
 468  356  3
 470  356  2
 543  356  1
 552  356  1
 586  356  1
 590  356  1
 591  356  2
 724  356  2
 725  356  1
 744  356  1
 745  356  1
 747  356  2
 750  356  3
 905  356  3
 945  356  1
 946  356  2
 960  356  1
 961  356  1
 383  357  2
 416  357  2
 889  357  3
 891  357  3
 896  357  1
 369  358  1
 378  358  3
 425  358  1
 452  358  1
 515  358  2
 548  358  3
 707  358  2
 750  358  2
 769  358  1
 921  358  2
 962  358  3
 521  359  2
 711  359  2
 765  359  1
 361  360  3
 472  360  3
 400  361  3
 436  361  2
 796  361  1
 432  362  3
 466  362  2
 523  362  3
 544  362  1
 963  362  2
 441  363  1
 786  363  1
 472  364  2
 369  365  1
 767  365  1
 954  365  3
 962  365  3
 468  367  2
 470  367  2
 489  367  1
 495  367  1
 532  367  1
 672  367  2
 675  367  3
 687  367  1
 688  367  3
 693  367  3
 767  367  3
 838  367  3
 879  367  1
 964  367  2
 965  367  2
 966  367  3
 369  368  3
 372  368  3
 392  368  1
 415  368  1
 660  368  2
 864  368  1
 929  368  3
 953  368  2
 962  368  2
 452  369  2
 579  369  1
 954  369  3
 395  370  2
 417  370  2
 609  370  1
 872  370  2
 416  371  3
 503  371  3
 736  371  1
 378  372  1
 467  372  2
 538  372  3
 730  372  3
 429  373  2
 704  373  1
 391  375  2
 378  376  1
 397  376  1
 403  376  1
 417  376  1
 421  376  2
 429  376  2
 454  376  2
 457  376  2
 606  376  1
 608  376  1
 610  376  3
 612  376  1
 630  376  1
 634  376  1
 734  376  1
 872  376  1
 967  376  3
 968  376  1
 969  376  2
 970  376  2
 971  376  3
 429  377  1
 445  377  1
 585  377  2
 882  377  2
 972  377  1
 973  377  3
 389  378  2
 390  378  1
 391  378  1
 413  378  2
 454  378  2
 467  378  3
 585  378  2
 588  378  2
 648  378  2
 661  378  1
 662  378  2
 713  378  1
 750  378  1
 753  378  2
 974  378  3
 975  378  2
 659  379  2
 809  379  3
 833  379  2
 381  380  1
 382  380  1
 385  380  3
 387  380  3
 784  380  3
 976  380  1
 382  381  1
 383  381  1
 384  381  1
 385  381  1
 386  381  1
 387  381  1
 393  381  1
 413  381  1
 504  381  1
 552  381  1
 591  381  1
 730  381  1
 784  381  1
 890  381  1
 892  381  1
 383  382  1
 384  382  1
 385  382  1
 386  382  1
 387  382  1
 578  382  1
 593  382  1
 784  382  1
 890  382  1
 936  382  1
 977  382  1
 384  383  2
 386  383  1
 387  383  3
 504  383  2
 884  383  1
 385  384  2
 386  384  1
 387  384  2
 393  384  1
 407  384  1
 409  384  2
 543  384  3
 578  384  2
 784  384  3
 796  384  3
 891  384  3
 892  384  1
 896  384  3
 938  384  2
 386  385  2
 387  385  1
 393  385  3
 726  385  1
 784  385  1
 890  385  1
 896  385  1
 387  386  1
 504  386  1
 730  386  3
 591  387  3
 938  387  2
 396  388  2
 404  388  2
 591  388  3
 833  388  3
 859  388  1
 890  388  1
 958  388  2
 396  389  3
 410  389  1
 413  389  2
 431  389  3
 434  389  3
 542  389  3
 552  389  1
 571  389  1
 633  389  3
 724  389  2
 726  389  2
 729  389  3
 756  389  1
 788  389  3
 809  389  3
 884  389  2
 885  389  3
 886  389  2
 887  389  1
 888  389  3
 978  389  2
 446  390  1
 584  390  2
 725  390  2
 781  390  1
 786  390  2
 802  390  1
 418  391  1
 458  391  3
 657  391  2
 752  391  3
 835  391  2
 840  391  3
 979  391  3
 538  392  2
 846  392  2
 902  392  1
 953  392  1
 980  392  3
 439  393  2
 443  393  2
 504  393  1
 730  393  1
 892  393  2
 893  393  3
 894  393  1
 895  393  1
 920  393  1
 976  393  3
 981  393  2
 982  393  3
 983  393  2
 661  395  2
 752  395  3
 753  395  2
 767  395  3
 846  395  3
 984  395  1
 410  396  3
 412  396  1
 434  396  2
 466  396  1
 504  396  2
 542  396  1
 552  396  1
 571  396  1
 724  396  2
 743  396  1
 745  396  2
 747  396  2
 748  396  1
 756  396  1
 890  396  1
 892  396  1
 943  396  2
 944  396  1
 958  396  1
 985  396  2
 986  396  2
 421  397  1
 457  397  1
 468  397  3
 756  398  1
 942  398  1
 958  398  2
 976  398  2
 572  399  1
 701  399  1
 840  399  1
 960  399  1
 574  400  3
 581  400  2
 436  401  2
 441  401  3
 584  401  3
 698  401  3
 699  401  2
 798  401  3
 802  401  3
 987  401  3
 434  402  1
 657  402  3
 905  402  3
 988  402  1
 989  402  1
 468  403  2
 545  403  1
 578  403  2
 697  403  2
 968  403  3
 434  404  1
 573  404  1
 677  404  1
 990  404  1
 429  405  1
 407  406  1
 408  406  1
 731  406  1
 408  407  3
 410  407  3
 411  407  1
 552  407  2
 730  407  2
 775  407  2
 991  407  2
 992  407  2
 409  408  1
 646  408  1
 725  408  2
 731  408  3
 775  408  2
 904  408  2
 908  408  3
 410  409  3
 411  409  3
 431  409  1
 434  409  1
 591  409  3
 705  409  1
 726  409  2
 729  409  3
 859  409  3
 892  409  3
 411  410  3
 413  410  3
 431  410  2
 434  410  3
 542  410  1
 543  410  1
 726  410  2
 788  410  1
 892  410  3
 937  410  2
 993  410  3
 540  411  2
 552  411  1
 773  411  1
 413  412  2
 552  412  2
 590  412  2
 724  412  2
 726  412  3
 743  412  3
 745  412  1
 943  412  2
 552  413  1
 590  413  1
 724  413  2
 884  413  1
 983  413  1
 434  414  2
 749  414  2
 452  415  3
 507  415  3
 535  415  3
 538  415  3
 549  415  3
 568  415  1
 652  415  1
 662  415  2
 705  415  1
 827  415  1
 914  415  2
 573  416  3
 851  416  3
 457  417  3
 612  417  1
 750  417  2
 872  417  1
 484  418  2
 523  418  1
 605  418  3
 755  418  2
 994  418  2
 995  418  3
 460  419  2
 486  419  2
 513  419  3
 564  419  1
 808  419  2
 848  419  3
 543  420  1
 574  420  1
 775  420  2
 609  421  3
 447  422  3
 554  422  3
 564  422  2
 824  422  3
 957  422  1
 996  422  2
 660  423  1
 997  423  1
 430  425  3
 659  425  2
 817  425  3
 840  425  3
 929  425  1
 476  427  3
 500  427  2
 507  427  1
 508  427  1
 509  427  1
 517  427  2
 864  427  3
 868  427  1
 908  427  2
 998  427  2
 999  427  2
 1000  427  2
 454  429  2
 460  429  2
 520  429  2
 543  429  3
 546  429  1
 554  429  1
 632  429  2
 775  429  3
 817  429  3
 884  429  1
 898  429  3
 919  429  1
 1001  429  1
 1002  429  3
 485  430  1
 497  430  3
 499  430  1
 500  430  3
 510  430  2
 756  431  1
 892  431  1
 904  431  1
 1003  431  1
 610  432  3
 822  432  2
 860  432  1
 907  432  2
 932  432  3
 963  432  2
 1004  432  1
 1005  432  1
 543  433  2
 687  433  2
 802  433  1
 927  433  1
 468  434  2
 504  434  3
 540  434  2
 542  434  3
 552  434  1
 571  434  2
 636  434  3
 687  434  2
 724  434  2
 726  434  1
 729  434  1
 748  434  2
 756  434  3
 788  434  2
 884  434  1
 885  434  2
 886  434  3
 887  434  2
 888  434  1
 993  434  2
 691  435  3
 439  437  2
 501  438  1
 552  438  2
 725  438  2
 729  438  3
 650  439  1
 1006  439  2
 444  440  1
 640  440  1
 517  441  1
 584  441  1
 698  441  3
 699  441  2
 806  441  1
 882  441  2
 444  443  2
 504  443  2
 539  443  3
 749  443  3
 775  443  2
 809  443  3
 834  443  3
 448  445  1
 451  445  3
 461  445  3
 568  445  1
 586  445  2
 588  445  2
 468  446  2
 594  446  3
 641  446  1
 695  446  3
 915  446  1
 475  447  2
 477  447  1
 482  447  3
 484  447  2
 564  447  2
 816  447  2
 824  447  1
 996  447  3
 1007  447  1
 456  449  1
 459  450  2
 731  450  2
 500  451  2
 507  451  2
 538  451  2
 662  451  3
 772  451  2
 836  451  2
 950  451  2
 1008  451  1
 455  452  1
 456  452  2
 515  452  1
 588  452  2
 652  452  2
 654  452  1
 656  452  1
 657  452  3
 662  452  1
 663  452  3
 688  452  1
 914  452  2
 1009  452  1
 1010  452  3
 1011  452  3
 484  453  1
 564  453  1
 687  453  1
 464  454  2
 578  454  2
 598  454  1
 603  454  1
 604  454  2
 621  454  1
 622  454  1
 623  454  2
 624  454  1
 625  454  2
 704  454  2
 708  454  1
 821  454  1
 1012  454  2
 1013  454  2
 1014  454  1
 515  455  2
 588  455  2
 654  455  1
 660  455  2
 761  456  3
 817  456  2
 1009  456  3
 468  457  1
 923  457  2
 548  458  2
 603  458  2
 632  458  3
 707  458  2
 840  458  2
 1001  458  1
 1015  458  1
 1016  458  2
 700  459  2
 701  459  3
 840  459  2
 842  459  3
 980  459  3
 1017  459  3
 1018  459  2
 1019  459  3
 471  460  2
 477  460  1
 484  460  2
 486  460  1
 487  460  1
 513  460  2
 533  460  1
 554  460  3
 564  460  3
 757  460  1
 848  460  3
 922  460  2
 995  460  3
 1002  460  3
 1020  460  3
 1021  460  3
 1022  460  3
 1023  460  3
 1024  460  1
 1025  460  3
 1026  460  2
 1027  460  3
 632  461  2
 818  462  1
 990  462  1
 1009  462  2
 1028  462  2
 603  464  3
 624  464  2
 625  464  1
 626  464  3
 774  464  2
 821  464  3
 1013  464  1
 1029  464  3
 545  465  1
 602  465  1
 523  466  1
 549  466  1
 638  466  1
 711  466  1
 765  466  1
 1030  466  1
 1031  466  1
 468  467  3
 470  467  1
 549  467  2
 588  467  3
 654  467  2
 660  467  1
 769  467  1
 770  467  3
 819  467  1
 952  467  3
 1010  467  1
 489  468  3
 552  468  3
 558  468  3
 573  468  3
 649  468  1
 836  468  2
 912  468  3
 932  468  2
 965  468  2
 1032  468  1
 1033  468  2
 500  470  2
 501  470  1
 521  470  2
 810  470  3
 836  470  3
 513  471  1
 545  471  2
 757  471  1
 808  471  2
 848  471  2
 1034  471  2
 696  472  1
 483  475  2
 554  475  1
 709  475  1
 849  475  1
 1007  475  2
 1020  475  3
 1035  475  1
 480  476  1
 485  476  1
 508  476  1
 757  476  1
 870  476  1
 483  477  2
 486  477  1
 933  477  2
 995  477  2
 996  477  3
 1020  477  3
 1036  477  2
 564  478  2
 480  479  3
 481  479  2
 554  479  1
 564  479  2
 849  479  3
 957  479  2
 1037  479  2
 483  480  3
 675  480  1
 811  480  2
 875  480  1
 957  480  2
 996  480  1
 1037  480  1
 487  481  2
 554  481  2
 564  481  2
 663  481  1
 691  481  1
 706  481  1
 709  481  3
 847  481  1
 1038  481  2
 1039  481  2
 849  482  2
 868  482  3
 995  482  3
 484  483  3
 486  483  2
 487  483  1
 491  483  2
 497  483  2
 499  483  2
 522  483  1
 564  483  3
 607  483  2
 709  483  2
 869  483  3
 995  483  1
 1008  483  3
 1022  483  3
 1035  483  1
 1040  483  1
 1041  483  2
 1042  483  1
 1043  483  2
 486  484  2
 549  484  2
 564  484  1
 709  484  2
 870  484  3
 871  484  3
 995  484  1
 1024  484  3
 508  485  3
 510  485  1
 605  485  1
 513  486  2
 565  486  2
 757  486  2
 848  486  2
 922  486  1
 995  486  2
 1020  486  2
 1023  486  2
 1036  486  2
 564  487  1
 757  487  2
 1026  487  2
 1044  487  2
 1045  487  1
 495  489  3
 675  489  1
 689  489  3
 694  489  3
 874  489  2
 878  489  3
 1046  489  2
 491  490  1
 497  491  1
 517  491  1
 522  491  1
 607  491  1
 632  491  1
 1041  491  1
 668  495  1
 689  495  2
 694  495  1
 806  495  1
 874  495  1
 875  495  1
 878  495  2
 1047  495  1
 979  496  2
 607  497  1
 1041  497  2
 499  498  3
 700  498  2
 764  498  3
 979  498  1
 1048  498  2
 701  499  3
 1001  499  3
 1049  499  1
 506  500  1
 507  500  2
 508  500  2
 537  500  1
 539  500  3
 562  500  3
 607  500  3
 730  500  3
 549  501  3
 638  501  3
 643  501  1
 660  501  2
 818  501  1
 821  501  3
 505  503  2
 573  503  3
 651  503  3
 549  504  3
 552  504  2
 724  504  1
 726  504  1
 730  504  3
 833  504  1
 892  504  1
 893  504  2
 895  504  1
 920  504  3
 981  504  3
 1050  504  1
 573  505  3
 736  505  3
 741  505  3
 509  506  3
 525  506  3
 509  507  2
 517  507  1
 540  507  2
 562  507  1
 607  507  1
 890  507  2
 942  507  2
 999  507  1
 509  508  1
 511  508  1
 607  508  2
 718  508  2
 755  508  2
 521  509  1
 712  509  1
 1050  509  1
 698  512  1
 775  512  1
 809  512  2
 833  512  2
 834  512  2
 889  512  2
 896  512  2
 904  512  2
 908  512  2
 992  512  2
 1051  512  1
 564  513  1
 757  513  3
 808  513  3
 848  513  3
 1034  513  2
 1052  514  1
 771  515  2
 532  518  2
 592  518  3
 594  518  1
 599  518  2
 600  518  1
 601  518  1
 836  518  3
 529  521  2
 578  521  3
 711  521  2
 765  521  1
 1016  521  2
 607  522  2
 528  523  2
 546  523  1
 570  523  1
 765  523  1
 822  523  1
 1053  523  2
 578  524  2
 529  527  2
 558  527  2
 902  527  2
 912  527  1
 1054  527  2
 549  528  1
 765  528  2
 822  528  1
 558  529  1
 903  529  3
 950  530  1
 881  531  1
 654  532  3
 680  532  3
 687  532  1
 705  532  3
 831  532  3
 1055  532  1
 612  533  1
 757  533  1
 1056  535  3
 950  538  3
 1057  538  1
 549  541  2
 1009  541  1
 552  542  1
 725  542  1
 726  542  1
 729  542  1
 756  542  1
 833  542  1
 886  542  1
 888  542  1
 558  543  2
 581  543  2
 617  543  1
 687  543  1
 709  543  1
 721  543  1
 1034  543  1
 581  545  3
 641  545  3
 709  545  2
 721  545  1
 569  546  3
 1053  546  3
 1058  546  1
 551  549  1
 564  549  1
 568  549  1
 660  549  1
 765  549  2
 816  549  1
 831  549  2
 1059  549  3
 765  551  1
 571  552  1
 590  552  2
 725  552  2
 726  552  3
 729  552  1
 730  552  3
 756  552  3
 788  552  3
 884  552  3
 885  552  1
 886  552  3
 887  552  2
 888  552  1
 568  553  3
 663  553  3
 853  553  1
 1060  553  3
 1061  553  2
 564  554  3
 565  554  2
 709  554  3
 824  554  3
 849  554  3
 868  554  1
 869  554  2
 928  554  2
 1007  554  3
 1062  554  1
 592  555  2
 687  555  3
 775  555  2
 833  555  1
 834  555  2
 860  555  2
 1009  555  1
 1063  555  1
 573  556  1
 573  557  2
 720  557  1
 721  557  2
 902  558  2
 903  558  1
 912  558  2
 1054  558  1
 741  559  1
 1064  560  3
 860  561  2
 902  561  1
 912  561  2
 1054  561  2
 1065  561  1
 1066  561  3
 568  562  1
 578  562  1
 588  562  2
 654  562  3
 660  562  2
 677  562  3
 769  562  1
 578  564  1
 660  564  3
 709  564  3
 762  564  2
 808  564  3
 824  564  3
 848  564  3
 849  564  3
 868  564  2
 869  564  3
 957  564  1
 995  564  2
 996  564  1
 1026  564  1
 816  565  2
 824  565  2
 1038  565  1
 567  566  2
 882  566  2
 598  568  1
 656  568  1
 660  568  1
 954  568  1
 1061  568  1
 669  569  3
 595  571  3
 726  571  1
 756  571  3
 788  571  1
 885  571  3
 886  571  1
 887  571  2
 888  571  3
 612  572  2
 659  572  2
 960  572  1
 980  572  2
 710  573  1
 851  573  1
 603  578  3
 604  578  2
 611  578  2
 656  578  1
 659  578  2
 671  578  2
 715  578  3
 811  578  1
 866  578  2
 891  578  2
 1067  578  3
 1068  578  3
 1069  578  3
 1070  578  1
 1071  578  2
 844  579  2
 686  581  1
 757  582  1
 699  584  3
 780  584  2
 806  584  2
 663  585  3
 677  585  2
 691  585  1
 700  585  3
 706  585  2
 983  585  3
 638  586  2
 883  586  3
 1031  587  1
 1072  587  1
 654  588  3
 655  588  1
 656  588  1
 660  588  1
 687  588  3
 769  588  2
 770  588  2
 772  588  1
 819  588  2
 951  588  3
 952  588  1
 953  588  1
 954  588  3
 1073  588  3
 662  589  1
 591  590  2
 724  590  3
 730  590  2
 743  590  1
 744  590  1
 747  590  2
 748  590  2
 756  590  1
 940  590  2
 945  590  3
 946  590  3
 961  590  2
 724  591  3
 725  591  3
 726  591  3
 743  591  2
 744  591  2
 746  591  2
 945  591  2
 594  592  3
 595  592  3
 650  592  3
 725  592  1
 895  592  3
 1074  592  1
 695  593  2
 745  593  3
 1075  593  3
 1076  593  2
 599  594  1
 600  594  2
 601  594  2
 648  594  1
 695  594  2
 725  595  3
 742  596  2
 786  596  2
 598  597  1
 603  598  1
 621  598  1
 623  598  1
 654  598  3
 708  598  3
 715  598  3
 741  598  3
 925  598  2
 953  598  3
 1032  598  2
 1062  598  1
 1077  598  1
 601  599  2
 780  599  2
 786  599  2
 725  600  2
 742  600  1
 965  600  2
 1046  601  2
 622  602  3
 623  602  1
 621  603  2
 630  603  2
 741  603  3
 855  603  3
 621  604  3
 872  606  1
 1041  607  1
 634  608  3
 924  608  3
 985  608  3
 872  609  2
 612  610  3
 822  610  3
 967  610  2
 1078  610  2
 1079  610  2
 614  611  1
 1001  611  2
 923  612  1
 968  612  1
 985  612  1
 1080  612  1
 1081  612  1
 1082  612  1
 1083  612  1
 1084  612  1
 1019  613  1
 700  614  2
 854  614  1
 1085  617  2
 737  621  1
 623  622  1
 1013  622  2
 821  624  1
 677  625  1
 636  627  2
 640  629  1
 683  629  1
 872  630  3
 730  633  2
 859  633  1
 872  634  1
 924  634  2
 969  634  1
 985  634  3
 1078  634  1
 737  636  2
 1014  636  2
 677  638  2
 642  641  1
 643  641  1
 645  641  1
 646  641  1
 643  642  3
 645  643  1
 783  647  1
 786  647  2
 787  647  2
 695  648  3
 792  648  3
 660  649  1
 773  649  1
 783  649  1
 696  650  1
 698  650  1
 775  650  1
 1086  651  1
 853  653  1
 656  654  2
 660  654  2
 769  654  1
 770  654  1
 772  654  2
 769  656  3
 953  656  1
 661  657  3
 752  657  2
 825  657  2
 846  657  3
 979  657  2
 935  658  2
 987  658  2
 1087  658  3
 1088  658  1
 1089  658  3
 853  659  2
 664  660  3
 677  660  3
 769  660  3
 772  660  3
 962  660  1
 1060  660  3
 704  661  3
 752  661  2
 754  661  3
 984  661  1
 1084  661  3
 715  662  3
 691  663  1
 706  663  1
 1090  663  1
 1091  664  2
 990  665  2
 694  668  3
 880  668  2
 778  671  2
 836  671  3
 1092  671  3
 694  675  1
 875  675  1
 1047  675  1
 1093  680  1
 692  687  2
 698  687  1
 703  687  1
 704  687  2
 1001  687  1
 1007  687  2
 1067  687  1
 884  688  1
 694  689  2
 706  691  2
 853  691  1
 975  691  1
 884  692  3
 1086  693  2
 1094  694  3
 696  695  1
 786  695  3
 775  697  2
 790  697  1
 790  698  1
 797  698  3
 801  698  2
 806  699  2
 879  699  3
 987  699  1
 1095  699  1
 840  700  2
 840  701  1
 1096  701  1
 783  703  1
 775  704  1
 996  705  1
 1097  705  2
 755  706  1
 847  706  2
 994  706  2
 1038  706  2
 1039  706  2
 1043  706  1
 1098  706  3
 825  707  1
 853  707  3
 954  707  2
 1010  707  2
 816  709  1
 849  709  1
 1035  709  1
 1038  709  1
 1098  709  3
 721  710  1
 732  710  2
 733  710  1
 851  710  3
 861  711  1
 900  711  2
 1050  711  1
 795  712  1
 988  714  2
 1099  714  3
 950  715  1
 812  718  2
 908  719  1
 737  723  2
 744  724  2
 746  724  2
 747  724  1
 940  724  2
 941  724  1
 945  724  1
 946  724  2
 958  724  2
 986  724  2
 1100  724  2
 726  725  1
 729  725  3
 730  725  3
 787  725  2
 798  725  2
 729  726  2
 756  726  3
 788  726  2
 885  726  1
 886  726  2
 887  726  2
 888  726  2
 978  726  3
 731  728  2
 976  728  1
 992  728  3
 1003  728  2
 859  729  1
 756  730  3
 945  730  2
 981  730  2
 982  730  3
 983  730  2
 974  731  3
 992  731  1
 1003  731  1
 821  734  2
 937  736  2
 793  738  2
 965  742  2
 746  743  3
 748  743  2
 944  743  1
 945  743  3
 745  744  3
 746  744  2
 748  744  3
 783  744  3
 945  744  3
 746  745  3
 748  745  3
 940  745  3
 945  745  1
 748  746  2
 945  746  1
 940  748  1
 1075  748  3
 872  750  2
 754  753  2
 812  754  3
 775  756  1
 788  756  2
 885  756  1
 886  756  3
 887  756  2
 888  756  2
 808  757  3
 848  757  3
 1020  757  3
 1025  757  2
 1026  757  3
 1027  757  3
 1045  757  2
 1101  757  1
 930  761  1
 935  761  3
 1048  764  2
 795  765  1
 822  765  1
 1053  765  3
 1102  765  2
 774  766  2
 1103  768  1
 770  769  1
 953  769  1
 819  770  1
 975  770  1
 1073  770  1
 953  771  3
 1104  771  1
 819  772  1
 976  773  2
 896  774  1
 809  775  2
 833  775  2
 834  775  2
 884  775  3
 786  780  1
 786  783  3
 885  784  1
 890  784  1
 891  784  1
 895  784  1
 936  784  1
 885  788  2
 886  788  1
 887  788  1
 888  788  3
 1005  793  1
 1067  793  2
 1069  793  3
 1078  793  2
 1105  793  2
 809  794  3
 903  795  2
 1066  795  2
 926  799  3
 1106  802  2
 850  807  2
 848  808  1
 1023  808  1
 1034  808  2
 1097  808  1
 833  809  1
 834  809  2
 957  811  1
 1037  811  2
 846  812  1
 825  814  1
 823  816  3
 847  816  1
 849  816  1
 990  818  3
 952  819  1
 953  819  3
 1058  819  2
 853  820  2
 1053  822  3
 868  824  2
 870  824  1
 1036  824  3
 1107  824  2
 1062  828  1
 976  831  3
 834  833  2
 908  833  2
 1108  834  1
 859  836  1
 1010  836  1
 1109  836  1
 1110  836  1
 1111  836  1
 838  837  1
 880  837  1
 980  840  2
 1035  847  3
 1039  847  2
 1043  847  2
 1098  847  2
 1034  848  1
 1045  848  1
 1098  848  1
 1035  849  1
 1037  849  1
 1043  849  1
 1098  849  1
 929  853  3
 869  854  1
 868  855  1
 869  855  1
 871  855  1
 923  855  1
 1112  855  1
 1113  859  1
 907  860  2
 963  860  1
 1005  860  1
 988  861  3
 989  861  1
 1050  861  2
 976  865  2
 1113  865  1
 869  868  1
 870  868  2
 1112  868  1
 1112  869  2
 871  870  1
 1035  870  2
 1038  870  2
 1114  870  1
 1115  874  2
 1095  878  1
 1116  884  2
 886  885  1
 887  885  1
 888  885  1
 887  886  3
 888  886  1
 888  887  3
 891  889  3
 896  889  1
 936  889  1
 978  890  2
 1117  890  2
 896  891  1
 907  891  1
 895  894  2
 920  894  2
 976  894  3
 981  894  1
 982  894  2
 983  894  3
 1011  894  1
 920  895  2
 976  895  2
 981  895  2
 983  895  3
 924  896  1
 936  896  1
 1118  898  1
 900  899  1
 1058  900  1
 912  902  2
 1066  902  2
 908  904  2
 1051  904  1
 911  907  3
 1004  907  3
 1005  907  2
 1067  907  2
 1069  907  1
 992  908  3
 1003  908  2
 1005  910  1
 1067  910  2
 1069  910  3
 1078  910  3
 1105  910  1
 1054  912  1
 1065  912  1
 1066  912  1
 1119  919  1
 981  920  3
 983  920  2
 1090  921  1
 1002  922  2
 1023  923  1
 985  924  3
 1062  928  3
 1120  930  1
 1011  931  2
 1121  931  1
 963  932  2
 1005  932  1
 987  935  3
 1087  935  2
 941  940  2
 946  940  2
 942  941  2
 958  942  1
 952  950  3
 962  954  2
 995  957  1
 996  957  1
 1037  957  3
 986  958  1
 1063  958  1
 1100  958  2
 1122  960  1
 1080  968  1
 1084  968  1
 981  976  1
 983  976  2
 1123  979  1
 1068  980  1
 983  981  3
 1124  981  2
 1087  987  1
 1050  988  1
 1050  989  1
 1009  990  1
 1003  992  2
 996  995  3
 1026  995  2
 1043  995  1
 1112  995  3
 1123  997  1
 1125  998  1
 1049  1001  3
 1126  1001  2
 1005  1004  2
 1067  1004  3
 1069  1004  2
 1105  1004  1
 1067  1005  3
 1069  1005  3
 1070  1005  2
 1105  1005  3
 1127  1009  2
 1019  1017  2
 1068  1017  3
 1068  1019  2
 1128  1023  1
 1097  1024  3
 1045  1026  2
 1069  1032  3
 1078  1032  1
 1038  1035  2
 1039  1035  2
 1043  1035  3
 1098  1035  1
 1043  1039  3
 1098  1039  1
 1098  1043  1
 1112  1045  1
 1129  1053  1
 1105  1066  1
 1069  1067  2
 1070  1067  1
 1078  1067  2
 1105  1067  2
 1070  1069  2
 1078  1069  2
 1105  1069  1
 1105  1070  2
 1130  1073  1
 1079  1078  1
 1084  1080  2
 1131  1080  3
 1132  1087  1
 1089  1088  3
 1133  1096  3
 1112  1098  2
