35 118
3 5 
5 9 
1 7 
5 4 
10 8 
9 3 
6 5 
10 5 
6 2 
7 3 
6 3 
5 2 
4 10 
4 10 
5 9 
1 8 
6 7 
9 8 
8 8 
7 10 
7 9 
6 3 
1 6 
4 10 
7 4 
7 6 
5 4 
9 2 
2 8 
3 9 
1 9 
7 3 
3 4 
8 7 
8 10 
 7  1  4
 9  1  2
 8  2  2
 16  2  1
 35  2  1
 24  3  2
 29  3  3
 9  5  3
 28  5  4
 24  6  2
 35  6  1
 2  10  1
 3  10  1
 4  10  2
 8  10  1
 11  10  1
 16  10  1
 17  10  2
 22  10  1
 24  10  2
 25  10  2
 26  10  2
 29  10  1
 31  10  2
 33  10  1
 34  10  1
 35  10  1
 1  12  1
 2  12  1
 4  12  1
 5  12  1
 8  12  1
 9  12  1
 10  12  1
 11  12  1
 16  12  1
 18  12  1
 22  12  1
 24  12  1
 25  12  1
 26  12  1
 28  12  1
 29  12  1
 34  12  1
 35  12  1
 2  13  4
 3  13  2
 5  13  4
 8  13  2
 10  13  4
 18  13  4
 21  13  4
 22  13  1
 24  13  2
 30  13  2
 31  13  2
 34  13  4
 35  13  2
 2  14  1
 11  14  4
 16  14  2
 18  14  3
 19  14  1
 25  14  2
 26  14  2
 29  14  4
 30  14  1
 33  14  3
 34  14  1
 35  14  3
 8  15  3
 26  15  3
 29  15  4
 1  18  4
 2  18  4
 3  18  4
 5  18  2
 7  18  1
 8  18  2
 9  18  4
 10  18  1
 11  18  2
 16  18  1
 22  18  3
 24  18  3
 25  18  4
 26  18  1
 34  18  2
 35  18  1
 5  20  1
 8  20  3
 21  20  4
 34  20  3
 28  23  1
 3  25  3
 11  25  3
 24  25  2
 29  25  3
 33  25  1
 35  25  2
 4  27  3
 5  27  3
 8  27  3
 22  27  3
 11  30  2
 26  30  3
 22  31  2
 4  32  1
 8  32  1
 11  32  1
 16  32  2
 24  32  1
 29  32  1
 35  32  1
 7  33  2
 9  33  2
 24  33  3
 24  35  2
