180 228
7 3 
4 2 
5 8 
3 9 
6 5 
8 4 
6 4 
10 9 
4 6 
3 6 
4 8 
8 5 
6 10 
5 7 
3 6 
1 9 
2 4 
2 2 
4 8 
1 2 
9 5 
1 10 
3 7 
1 3 
9 6 
6 6 
8 5 
9 5 
4 2 
8 9 
8 4 
4 3 
2 3 
1 3 
4 6 
6 9 
2 5 
6 9 
3 6 
4 8 
7 7 
7 9 
7 8 
8 6 
10 3 
7 4 
8 7 
8 6 
6 3 
4 3 
10 6 
10 3 
7 6 
4 10 
5 8 
5 8 
8 5 
3 7 
8 6 
2 9 
8 2 
6 6 
4 4 
5 5 
2 4 
10 3 
2 7 
7 5 
6 10 
1 3 
10 7 
4 10 
8 2 
7 9 
7 10 
3 4 
2 5 
4 7 
6 7 
3 8 
2 3 
5 6 
3 5 
7 7 
1 5 
6 5 
9 3 
8 10 
3 9 
10 4 
1 4 
6 2 
8 8 
1 9 
4 4 
2 2 
5 5 
6 10 
3 7 
5 8 
4 7 
6 4 
3 7 
10 9 
2 3 
8 3 
10 10 
4 8 
2 10 
6 10 
4 2 
5 7 
3 2 
1 7 
8 2 
6 5 
9 10 
8 10 
5 9 
2 5 
7 6 
1 8 
10 7 
5 2 
10 4 
2 5 
9 5 
1 2 
6 4 
4 5 
9 5 
5 6 
2 10 
4 3 
6 7 
7 7 
10 3 
10 10 
10 9 
6 8 
6 10 
9 7 
2 4 
3 4 
3 5 
1 10 
2 9 
4 10 
1 8 
6 9 
9 5 
8 6 
4 7 
10 5 
10 10 
9 3 
9 3 
2 5 
5 7 
7 7 
10 10 
1 6 
9 9 
7 6 
6 2 
6 5 
4 3 
5 10 
4 7 
8 8 
5 8 
9 4 
2 6 
6 9 
10 3 
5 6 
5 8 
6 4 
3 2 
9 5 
 1  139  1
 2  1  2
 2  25  1
 2  32  1
 2  46  1
 2  146  2
 2  159  1
 3  20  1
 4  3  2
 4  162  1
 5  51  1
 6  5  1
 7  8  1
 8  26  2
 8  159  2
 8  174  1
 9  139  2
 10  9  2
 10  100  2
 11  8  2
 12  11  2
 13  139  1
 14  13  1
 14  31  2
 14  47  1
 14  118  1
 14  146  1
 14  159  1
 15  20  1
 16  15  2
 16  159  2
 17  4  1
 18  17  1
 18  65  2
 18  99  2
 18  112  2
 18  123  2
 19  4  1
 20  19  2
 20  81  1
 20  134  1
 20  135  2
 20  146  2
 20  173  1
 21  4  2
 22  21  1
 22  54  1
 22  146  1
 23  8  2
 24  23  2
 25  20  1
 26  20  1
 27  20  1
 28  27  1
 28  159  1
 29  4  2
 30  29  1
 30  43  2
 30  84  2
 30  101  2
 30  126  2
 31  8  1
 32  4  1
 33  8  2
 34  33  1
 35  4  1
 36  35  1
 37  4  2
 38  37  1
 38  161  1
 39  4  1
 40  39  1
 41  4  2
 42  41  1
 43  20  1
 44  139  1
 45  44  1
 46  8  1
 47  20  1
 48  4  2
 49  48  2
 49  85  1
 49  146  1
 50  139  1
 51  50  1
 51  70  2
 51  117  1
 51  120  2
 51  146  2
 51  159  2
 51  176  1
 52  8  1
 53  52  2
 54  139  1
 55  139  2
 56  55  2
 57  8  1
 58  57  2
 59  139  2
 60  59  2
 61  4  1
 62  61  1
 62  111  1
 62  146  1
 63  51  1
 64  63  1
 64  163  1
 65  51  2
 66  8  2
 67  66  1
 68  139  1
 69  68  1
 70  8  2
 71  20  1
 72  71  1
 73  129  1
 74  73  1
 75  8  1
 76  75  2
 76  90  1
 76  119  1
 76  146  2
 77  8  1
 78  77  2
 79  8  2
 80  79  1
 81  139  2
 82  51  1
 83  82  1
 83  155  2
 84  129  1
 85  139  1
 86  20  1
 87  86  1
 88  51  2
 89  88  2
 89  166  1
 90  139  1
 91  8  1
 92  91  1
 93  133  2
 94  93  2
 95  8  2
 96  95  2
 97  4  1
 98  97  2
 98  102  2
 98  146  2
 99  129  1
 100  4  1
 101  51  2
 102  139  2
 103  20  1
 104  103  1
 105  8  1
 106  105  2
 107  20  1
 108  107  1
 109  51  2
 110  109  2
 110  165  1
 111  139  2
 112  139  1
 113  8  1
 114  113  1
 115  139  1
 116  115  1
 117  20  1
 118  4  2
 119  4  2
 120  4  1
 121  51  1
 122  121  1
 123  20  1
 124  8  2
 125  124  1
 126  139  2
 127  8  2
 128  127  2
 129  160  2
 129  179  1
 130  129  1
 131  129  1
 132  20  1
 133  132  2
 133  177  1
 134  133  1
 135  133  1
 136  139  1
 137  136  2
 138  20  1
 139  138  2
 139  167  1
 140  51  1
 141  140  1
 142  139  1
 143  142  1
 144  139  2
 145  139  2
 146  4  1
 146  139  1
 147  139  1
 148  8  2
 149  148  1
 150  8  2
 151  8  2
 152  8  1
 153  8  1
 154  151  2
 155  20  1
 156  130  2
 157  4  2
 158  157  1
 159  20  1
 160  20  1
 161  4  2
 163  51  1
 164  51  1
 165  51  1
 166  51  2
 168  159  1
 169  159  1
 170  159  2
 171  131  2
 172  145  2
 175  146  1
 178  4  2
 180  153  2
