1417 1417
2 6 
5 3 
10 9 
9 9 
3 6 
6 8 
2 6 
2 6 
6 6 
8 3 
2 5 
3 6 
3 3 
2 5 
9 8 
8 8 
2 7 
10 6 
8 8 
6 2 
4 8 
3 6 
4 10 
2 2 
4 3 
8 5 
3 5 
8 7 
4 5 
10 8 
7 8 
1 9 
9 6 
1 9 
5 6 
7 9 
1 8 
1 7 
7 8 
4 2 
10 4 
5 9 
7 9 
7 5 
2 9 
5 2 
7 7 
8 5 
9 6 
10 7 
4 6 
10 5 
5 2 
8 9 
4 10 
2 4 
5 5 
1 7 
8 8 
8 3 
7 2 
2 3 
6 4 
6 2 
2 8 
1 8 
2 9 
7 8 
8 4 
8 4 
8 10 
4 4 
6 6 
10 5 
2 5 
3 4 
7 10 
4 9 
1 2 
3 6 
1 7 
5 7 
9 2 
6 3 
3 7 
2 10 
5 10 
7 6 
9 9 
9 4 
2 4 
4 4 
9 5 
1 5 
8 5 
9 3 
9 6 
8 6 
1 6 
4 7 
10 2 
6 7 
1 10 
10 2 
9 6 
5 4 
5 9 
10 4 
6 6 
4 6 
4 5 
5 10 
9 10 
9 6 
1 3 
9 8 
10 6 
10 2 
3 5 
9 6 
9 8 
1 5 
9 3 
6 10 
7 8 
3 9 
3 4 
9 7 
3 3 
6 6 
10 4 
5 2 
2 8 
3 10 
2 8 
8 9 
3 5 
6 2 
1 10 
4 8 
2 6 
2 8 
6 9 
3 2 
3 7 
9 9 
8 9 
3 3 
10 7 
2 4 
7 3 
9 10 
6 5 
5 6 
2 8 
6 9 
9 5 
10 4 
10 2 
8 3 
10 4 
7 4 
4 5 
8 9 
7 6 
9 6 
6 10 
5 3 
7 9 
7 9 
4 2 
6 7 
3 8 
3 8 
4 10 
2 2 
7 9 
2 10 
7 8 
10 2 
6 8 
4 5 
5 10 
3 10 
4 7 
5 6 
6 9 
7 9 
5 7 
9 10 
8 5 
9 8 
3 4 
8 8 
5 4 
5 6 
3 8 
4 8 
8 2 
9 10 
4 10 
4 10 
3 8 
3 7 
4 7 
3 7 
8 3 
4 6 
4 10 
2 7 
4 7 
6 2 
6 3 
3 2 
3 5 
5 8 
8 7 
4 3 
1 5 
6 8 
2 2 
7 8 
6 8 
1 6 
6 2 
10 7 
7 7 
9 8 
2 6 
9 7 
2 8 
9 5 
10 5 
1 2 
1 3 
1 7 
1 8 
7 7 
4 5 
5 10 
3 9 
6 6 
8 6 
6 10 
10 9 
4 5 
3 10 
4 7 
8 10 
6 2 
5 6 
3 5 
1 9 
2 10 
2 9 
4 4 
1 6 
9 2 
1 4 
3 10 
1 10 
9 8 
6 3 
8 5 
9 6 
4 4 
8 7 
8 7 
4 6 
2 9 
1 4 
4 5 
6 5 
2 6 
6 7 
3 3 
4 10 
7 8 
7 6 
7 7 
8 5 
10 5 
7 4 
8 9 
8 2 
6 7 
4 4 
10 7 
10 2 
7 3 
4 7 
5 8 
5 4 
8 10 
3 8 
8 9 
2 3 
8 9 
6 3 
4 9 
5 8 
2 9 
10 8 
2 7 
7 8 
6 5 
1 5 
10 4 
4 9 
8 4 
7 10 
7 9 
3 5 
2 8 
4 2 
6 7 
3 8 
2 9 
5 8 
3 5 
7 4 
1 10 
6 5 
9 2 
8 9 
3 6 
10 2 
1 5 
6 3 
8 5 
1 9 
4 10 
2 9 
5 2 
6 7 
3 7 
5 8 
4 7 
6 3 
3 4 
10 9 
2 2 
8 4 
10 4 
4 4 
2 2 
6 6 
4 10 
5 9 
3 8 
1 2 
8 8 
6 2 
9 6 
8 10 
5 6 
2 10 
7 2 
1 5 
10 9 
5 2 
10 6 
2 8 
9 4 
1 10 
6 5 
4 8 
9 6 
5 7 
2 7 
4 3 
6 4 
7 8 
10 6 
10 2 
10 2 
6 6 
6 2 
9 9 
2 6 
3 8 
3 2 
1 10 
2 7 
4 9 
1 10 
6 6 
9 5 
8 6 
4 10 
10 7 
10 7 
9 4 
9 5 
2 9 
5 6 
7 7 
10 3 
1 6 
9 9 
7 2 
6 10 
6 4 
4 3 
5 6 
4 5 
8 4 
5 8 
9 8 
2 10 
6 8 
10 3 
5 7 
5 7 
6 9 
3 7 
9 4 
7 8 
4 10 
5 7 
7 3 
6 2 
6 4 
7 9 
5 6 
7 3 
7 5 
3 5 
6 4 
1 9 
6 10 
8 8 
1 10 
3 10 
4 2 
7 8 
9 6 
4 3 
4 5 
4 10 
9 6 
8 4 
10 10 
1 6 
9 8 
1 10 
2 3 
4 5 
4 10 
3 8 
10 10 
3 6 
5 5 
3 3 
2 3 
9 10 
9 4 
2 7 
6 5 
5 8 
6 7 
9 5 
3 10 
8 3 
2 6 
9 5 
10 3 
6 6 
8 6 
9 2 
2 7 
8 3 
6 2 
1 3 
3 4 
3 5 
6 5 
5 2 
1 5 
2 5 
6 4 
1 8 
4 7 
8 3 
7 10 
4 5 
2 10 
4 9 
9 5 
9 8 
2 6 
5 4 
4 9 
4 4 
9 4 
7 10 
1 4 
10 6 
7 7 
7 5 
8 2 
10 2 
2 9 
7 4 
7 6 
7 3 
2 6 
1 3 
2 2 
2 2 
10 4 
3 3 
5 2 
6 10 
4 8 
7 8 
9 3 
8 8 
2 8 
7 4 
5 3 
5 10 
1 8 
7 9 
5 10 
9 3 
2 10 
2 2 
10 5 
3 10 
6 3 
10 4 
9 10 
9 4 
10 2 
7 3 
3 6 
9 9 
7 10 
8 8 
8 8 
3 10 
9 6 
3 5 
9 5 
3 3 
3 4 
6 2 
3 3 
7 8 
9 2 
9 7 
7 6 
10 5 
9 8 
1 5 
1 3 
3 5 
6 2 
2 6 
9 10 
5 6 
9 7 
9 2 
6 3 
2 8 
6 2 
5 10 
6 5 
8 9 
2 7 
10 7 
1 9 
1 10 
6 3 
8 4 
8 4 
4 5 
5 4 
2 3 
6 2 
8 4 
8 6 
5 6 
9 4 
2 9 
3 9 
3 5 
7 9 
7 4 
10 8 
5 2 
4 7 
2 10 
10 3 
6 7 
7 4 
6 2 
5 7 
4 3 
10 2 
6 7 
10 3 
3 5 
9 9 
9 3 
1 8 
5 8 
1 9 
3 8 
6 7 
5 8 
3 8 
1 8 
3 7 
3 10 
8 7 
6 4 
5 7 
4 3 
2 7 
3 9 
9 4 
3 2 
9 2 
9 8 
10 10 
5 6 
10 8 
6 9 
7 4 
8 7 
8 8 
7 10 
8 2 
4 8 
2 6 
4 6 
4 10 
9 9 
1 5 
3 9 
1 9 
5 5 
8 2 
4 9 
8 9 
9 3 
7 6 
9 8 
7 5 
8 2 
4 10 
9 7 
9 2 
9 3 
4 7 
2 9 
9 5 
1 3 
3 2 
10 2 
6 9 
4 4 
5 4 
3 3 
2 10 
8 2 
1 3 
5 4 
1 3 
8 7 
10 9 
10 6 
3 10 
3 3 
7 3 
1 3 
2 6 
4 6 
4 6 
3 2 
3 4 
5 3 
9 4 
8 6 
9 8 
8 6 
5 5 
9 4 
4 9 
8 9 
10 10 
6 3 
7 6 
4 4 
1 4 
9 6 
4 5 
7 6 
1 10 
8 5 
3 4 
3 2 
5 5 
9 9 
8 7 
6 8 
5 5 
4 5 
6 4 
10 3 
3 8 
4 10 
5 2 
2 10 
5 8 
8 8 
1 6 
2 4 
1 8 
10 7 
4 9 
3 6 
3 9 
1 8 
1 8 
6 8 
1 10 
2 10 
1 3 
9 9 
2 4 
4 2 
1 5 
7 5 
1 5 
9 6 
9 5 
10 8 
5 4 
1 2 
8 2 
8 6 
1 6 
7 9 
3 8 
10 8 
7 6 
4 8 
7 3 
3 6 
5 9 
3 7 
1 3 
5 7 
7 9 
9 8 
8 3 
1 5 
7 9 
2 10 
10 5 
9 2 
2 5 
7 2 
9 7 
10 3 
8 10 
8 6 
2 7 
9 7 
4 8 
5 7 
4 8 
3 9 
10 5 
9 4 
2 9 
3 8 
2 6 
5 8 
8 10 
10 4 
5 5 
10 9 
7 9 
2 10 
10 9 
1 5 
7 10 
8 9 
3 10 
4 10 
1 9 
6 10 
4 8 
9 9 
9 5 
2 3 
6 8 
6 2 
1 8 
4 8 
5 2 
8 9 
7 9 
3 6 
1 5 
2 4 
6 5 
2 9 
2 4 
9 7 
7 5 
10 7 
7 7 
6 2 
5 9 
4 9 
9 3 
2 10 
3 6 
8 5 
3 10 
7 6 
2 10 
8 4 
9 7 
7 8 
10 4 
5 7 
3 10 
4 2 
4 6 
8 4 
7 2 
1 7 
2 5 
6 10 
7 9 
2 8 
4 2 
1 10 
2 4 
10 9 
4 9 
3 7 
2 4 
7 8 
8 5 
2 9 
3 6 
10 10 
6 7 
9 9 
7 8 
9 10 
2 4 
7 2 
1 3 
10 3 
10 7 
10 2 
8 2 
7 6 
9 8 
9 7 
9 5 
10 9 
7 4 
1 2 
2 9 
6 6 
9 4 
2 10 
8 3 
7 8 
1 9 
5 6 
3 8 
9 6 
6 2 
2 7 
8 2 
9 3 
4 3 
3 7 
9 10 
6 8 
8 7 
4 6 
8 2 
4 4 
2 7 
8 2 
4 8 
5 9 
6 7 
5 10 
3 7 
7 2 
4 10 
1 2 
2 3 
9 7 
7 4 
9 7 
2 10 
10 10 
10 10 
7 3 
6 8 
1 6 
1 7 
6 4 
2 7 
10 3 
3 5 
6 3 
6 3 
6 5 
1 4 
8 9 
9 3 
1 2 
9 3 
1 7 
5 2 
8 2 
6 8 
1 7 
6 6 
2 10 
2 4 
6 7 
6 10 
3 5 
6 4 
4 3 
2 9 
3 2 
9 5 
8 10 
1 6 
6 4 
10 9 
4 4 
10 9 
6 8 
2 2 
3 3 
4 4 
8 3 
4 7 
1 6 
9 2 
4 2 
3 7 
10 7 
6 5 
5 7 
7 8 
4 9 
10 10 
9 3 
2 8 
2 10 
4 2 
6 7 
10 7 
3 7 
8 4 
4 5 
6 2 
4 5 
3 8 
2 8 
8 4 
10 3 
2 7 
9 5 
8 5 
9 4 
3 5 
9 5 
2 7 
1 10 
2 9 
8 8 
2 8 
2 6 
2 8 
2 9 
1 4 
2 10 
3 10 
6 3 
4 5 
10 5 
9 7 
3 5 
6 8 
5 3 
10 2 
5 10 
6 5 
5 5 
1 5 
4 7 
1 5 
8 7 
6 6 
1 6 
9 2 
6 5 
10 9 
5 6 
8 10 
1 8 
4 9 
5 5 
7 8 
5 5 
3 4 
2 4 
5 10 
10 6 
8 8 
6 2 
8 8 
10 8 
8 7 
7 4 
1 7 
4 2 
7 5 
6 8 
5 4 
10 7 
7 7 
2 2 
1 8 
3 8 
10 4 
1 5 
4 5 
4 3 
4 6 
7 6 
6 5 
9 5 
4 7 
6 8 
4 7 
3 9 
9 5 
10 6 
2 8 
4 2 
4 8 
3 4 
3 6 
8 4 
2 9 
4 6 
7 8 
3 10 
7 6 
8 3 
1 4 
6 6 
4 4 
6 8 
1 9 
9 3 
6 8 
6 2 
10 9 
4 8 
3 9 
10 9 
7 5 
9 10 
1 5 
9 10 
7 8 
2 10 
10 2 
7 9 
6 7 
2 10 
9 4 
1 9 
3 8 
4 8 
6 9 
10 6 
5 9 
6 3 
4 2 
1 7 
1 5 
3 10 
2 8 
9 9 
9 2 
3 10 
10 5 
4 10 
3 7 
3 4 
6 7 
2 10 
5 5 
9 10 
3 9 
2 6 
10 5 
1 6 
5 10 
2 8 
4 10 
3 9 
3 10 
5 9 
3 7 
10 7 
5 8 
10 10 
6 8 
3 3 
1 5 
8 4 
10 2 
9 6 
3 3 
4 6 
3 2 
4 3 
1 2 
1 3 
3 2 
1 9 
7 7 
9 5 
6 9 
9 10 
6 3 
4 8 
3 6 
1 4 
3 9 
2 2 
9 6 
8 2 
9 4 
10 7 
10 10 
10 6 
4 2 
9 9 
10 8 
1 4 
5 7 
6 2 
2 5 
1 9 
2 5 
10 10 
1 7 
8 7 
1 8 
4 10 
4 3 
1 4 
8 7 
2 4 
1 8 
1 6 
7 3 
2 10 
6 6 
2 2 
2 7 
10 10 
4 4 
9 8 
6 6 
8 9 
8 4 
5 6 
9 3 
1 2 
9 9 
1 8 
10 4 
9 9 
9 2 
2 7 
8 10 
7 5 
7 9 
1 10 
7 6 
8 10 
1 3 
9 7 
6 8 
7 9 
5 6 
4 6 
4 5 
4 10 
8 7 
1 10 
5 6 
8 7 
10 3 
10 6 
10 9 
10 10 
9 2 
7 8 
4 10 
2 5 
2 7 
6 7 
7 6 
5 8 
4 10 
4 5 
3 4 
9 7 
1 9 
5 3 
8 7 
5 2 
5 8 
7 8 
10 2 
10 9 
8 8 
9 9 
6 7 
10 8 
7 6 
1 6 
7 10 
2 4 
2 8 
8 2 
6 5 
1 3 
6 5 
9 6 
8 3 
5 9 
3 2 
6 6 
7 9 
9 8 
6 4 
1 2 
9 5 
6 2 
8 8 
5 4 
6 5 
5 3 
8 8 
5 8 
7 7 
1 6 
6 5 
6 10 
4 7 
8 3 
6 3 
8 2 
10 10 
7 4 
2 9 
10 10 
10 2 
5 10 
6 3 
6 10 
3 3 
1 7 
8 9 
9 7 
8 2 
5 5 
9 7 
10 8 
9 10 
9 2 
7 10 
8 8 
5 6 
1 5 
3 5 
9 6 
5 3 
8 9 
4 2 
5 2 
2 3 
4 7 
8 4 
8 6 
2 10 
4 8 
3 4 
2 4 
6 10 
8 5 
1 9 
4 9 
10 9 
8 8 
5 10 
5 4 
6 4 
1 7 
10 10 
10 9 
4 10 
1 7 
4 6 
3 3 
8 4 
8 4 
5 2 
5 8 
2 4 
5 2 
3 3 
7 5 
2 5 
8 7 
5 4 
9 3 
4 6 
7 10 
9 7 
10 9 
1 4 
10 2 
9 10 
9 10 
8 6 
5 7 
8 3 
9 10 
9 6 
3 9 
5 8 
7 4 
4 3 
2 5 
7 2 
6 6 
3 10 
2 6 
4 10 
8 4 
4 7 
5 4 
7 9 
3 5 
10 8 
9 2 
5 7 
8 4 
2 7 
10 10 
2 6 
4 3 
6 8 
4 10 
3 6 
4 9 
7 2 
6 4 
3 9 
10 7 
10 8 
3 10 
4 6 
1 10 
3 8 
5 10 
1 8 
3 6 
8 6 
1 5 
2 8 
8 4 
4 6 
10 5 
8 6 
3 5 
10 2 
3 9 
1 9 
6 3 
10 10 
8 5 
3 9 
6 9 
9 10 
5 2 
4 7 
10 6 
9 4 
 2  1  3
 3  2  2
 17  2  1
 4  3  5
 5  4  3
 855  4  3
 7  6  3
 880  6  2
 8  7  5
 22  7  5
 23  7  1
 411  7  4
 453  7  2
 454  7  5
 889  7  3
 9  8  2
 479  8  4
 480  8  1
 561  8  3
 10  9  1
 537  9  3
 561  9  5
 1074  9  1
 11  10  1
 536  10  2
 561  10  2
 12  11  3
 560  11  2
 13  12  3
 27  12  2
 30  12  4
 559  12  5
 14  13  2
 596  13  1
 1138  13  1
 34  14  1
 16  15  4
 17  16  5
 18  17  3
 19  18  1
 823  18  1
 20  19  4
 388  19  2
 389  19  5
 627  19  3
 21  20  1
 409  22  3
 885  22  3
 24  23  3
 537  23  1
 538  23  4
 1078  23  2
 1109  23  3
 25  24  1
 1110  24  1
 26  25  1
 27  26  3
 28  27  4
 561  27  1
 29  28  2
 30  29  3
 31  30  5
 32  31  5
 33  32  3
 34  33  1
 1159  34  3
 36  35  5
 392  35  2
 37  36  4
 631  36  4
 38  37  3
 628  37  3
 863  37  2
 1011  37  5
 39  38  4
 40  39  3
 412  39  4
 413  39  2
 628  39  3
 875  39  2
 876  39  5
 881  39  3
 41  40  1
 42  41  1
 43  42  4
 876  42  1
 881  42  4
 882  42  2
 44  43  2
 50  43  5
 51  43  1
 411  43  5
 454  43  5
 455  43  3
 45  44  4
 46  45  3
 888  45  2
 47  46  1
 485  46  1
 889  46  1
 1036  46  1
 48  47  3
 73  47  3
 486  47  3
 890  47  1
 49  48  3
 74  48  1
 50  49  1
 485  49  5
 629  49  5
 51  50  2
 629  50  5
 52  51  4
 538  51  2
 901  51  1
 53  52  1
 54  53  1
 629  53  1
 55  54  1
 540  54  5
 56  55  3
 57  56  2
 540  56  1
 541  56  2
 912  56  3
 86  57  3
 541  57  3
 562  57  4
 59  58  1
 60  59  5
 62  61  1
 63  62  1
 1144  62  1
 65  64  1
 394  64  1
 411  64  1
 842  64  1
 66  65  4
 393  65  1
 394  65  5
 1012  65  4
 67  66  4
 68  67  4
 69  68  2
 669  68  4
 863  68  1
 70  69  1
 414  69  3
 415  69  1
 630  69  1
 633  69  2
 71  70  1
 417  70  1
 456  70  3
 670  70  2
 879  70  3
 72  71  1
 73  72  2
 671  72  3
 888  72  1
 1037  73  1
 75  74  4
 76  75  4
 486  75  4
 77  76  1
 78  77  4
 677  77  3
 79  78  2
 80  79  1
 81  80  4
 82  81  4
 540  81  3
 541  81  4
 542  81  3
 904  81  1
 83  82  1
 84  83  1
 632  83  1
 85  84  1
 115  84  1
 116  84  1
 86  85  2
 914  85  4
 154  86  5
 1143  86  2
 88  87  2
 89  88  2
 90  89  1
 91  90  3
 604  90  2
 798  90  1
 92  91  3
 93  92  1
 374  93  3
 375  93  4
 600  93  3
 95  94  3
 96  95  2
 668  95  1
 97  96  1
 98  97  1
 99  98  5
 100  99  1
 101  100  3
 137  100  1
 633  100  2
 681  100  4
 102  101  1
 397  101  1
 398  101  1
 103  102  3
 104  103  5
 669  103  2
 105  104  1
 106  105  1
 670  105  4
 671  105  1
 673  105  2
 107  106  1
 457  106  2
 458  106  1
 693  106  2
 891  106  1
 108  107  2
 144  107  4
 673  107  1
 674  107  3
 695  107  3
 1040  107  1
 1044  107  5
 109  108  1
 496  108  2
 110  109  4
 1079  109  2
 111  110  1
 493  110  3
 494  110  4
 495  110  1
 1042  110  4
 112  111  2
 113  112  4
 905  112  4
 114  113  5
 115  114  5
 149  115  1
 542  115  2
 117  116  2
 118  117  4
 150  117  2
 151  117  5
 119  118  1
 120  119  1
 121  120  5
 1145  120  1
 122  121  4
 1145  121  5
 123  122  2
 1150  122  2
 124  123  1
 1149  123  2
 126  125  5
 573  125  2
 127  126  2
 1161  126  2
 128  127  2
 572  128  5
 130  129  1
 131  130  5
 164  130  2
 372  130  1
 132  131  2
 133  132  1
 134  133  4
 678  133  4
 135  134  3
 137  136  4
 681  136  3
 843  136  3
 138  137  4
 169  137  2
 171  137  2
 399  137  3
 690  137  4
 994  137  1
 139  138  1
 864  138  1
 140  139  4
 422  139  3
 423  139  5
 141  140  2
 142  141  3
 178  141  3
 179  141  1
 459  141  4
 687  141  2
 715  141  5
 143  142  4
 144  143  5
 497  143  2
 498  143  5
 893  143  2
 145  144  1
 496  144  1
 497  144  1
 1080  144  1
 146  145  5
 701  145  1
 906  145  1
 907  145  2
 147  146  2
 148  147  3
 149  148  2
 543  148  2
 150  149  2
 152  151  2
 153  152  3
 917  152  4
 154  153  1
 155  154  5
 156  155  2
 1146  155  3
 157  156  1
 576  156  5
 576  157  4
 159  158  1
 577  158  1
 160  159  1
 161  160  1
 210  160  2
 162  161  3
 163  162  2
 212  163  4
 165  164  2
 373  164  3
 599  164  4
 844  164  4
 167  166  3
 168  167  4
 169  168  2
 856  168  2
 170  169  1
 171  170  1
 172  171  1
 400  171  1
 173  172  4
 174  173  3
 423  173  5
 424  173  3
 864  173  2
 175  174  3
 176  175  3
 177  176  1
 178  177  4
 715  177  1
 1030  177  1
 180  179  5
 499  179  1
 181  180  1
 460  180  1
 499  180  1
 1031  180  1
 1032  180  1
 182  181  4
 234  181  4
 235  181  1
 499  181  5
 735  181  5
 1049  181  3
 183  182  1
 184  183  3
 185  184  1
 186  185  3
 187  186  5
 188  186  4
 718  186  2
 188  187  1
 1083  187  5
 189  188  1
 545  188  3
 546  188  1
 699  188  4
 190  189  2
 719  189  2
 191  190  5
 543  190  1
 1113  190  1
 192  191  1
 719  191  1
 193  192  3
 194  192  2
 194  193  1
 1153  193  1
 195  194  1
 196  194  2
 1116  194  1
 196  195  2
 1124  195  1
 197  196  1
 241  196  5
 1153  196  2
 198  197  4
 242  197  5
 243  197  4
 199  198  3
 200  199  1
 201  200  4
 202  201  5
 203  202  4
 204  203  4
 246  203  3
 577  203  3
 205  204  2
 206  204  5
 247  204  2
 931  204  5
 932  204  4
 206  205  5
 207  206  2
 248  206  4
 1170  206  1
 208  207  1
 209  208  4
 211  210  3
 212  211  4
 933  211  2
 1171  212  1
 214  213  1
 249  214  1
 216  215  2
 217  216  4
 218  217  2
 288  217  4
 616  217  2
 219  218  1
 220  219  2
 221  220  3
 222  221  1
 703  221  1
 223  222  4
 224  223  2
 802  223  4
 225  224  2
 808  224  3
 226  225  1
 708  225  1
 709  225  1
 227  226  2
 228  227  3
 811  228  3
 834  228  4
 835  228  5
 230  229  5
 730  229  4
 731  229  1
 858  229  4
 231  230  3
 400  230  3
 232  231  5
 233  232  4
 401  232  2
 424  232  4
 234  233  1
 427  233  2
 428  233  4
 1033  233  1
 1031  234  1
 236  235  1
 1051  235  1
 237  236  3
 501  236  4
 502  236  3
 717  236  3
 718  236  2
 720  236  2
 735  236  4
 238  237  1
 910  237  2
 239  238  2
 1092  238  1
 240  239  2
 241  240  4
 546  240  3
 547  240  4
 1118  240  5
 242  241  3
 549  241  5
 563  241  4
 1154  242  1
 244  243  3
 245  244  3
 246  245  2
 247  246  4
 276  246  4
 747  246  3
 250  249  2
 251  250  1
 253  252  1
 1009  252  1
 254  253  4
 401  253  5
 711  253  1
 995  253  4
 255  254  2
 403  254  2
 860  254  5
 995  254  2
 256  255  2
 257  256  1
 258  257  5
 259  258  1
 260  259  2
 466  259  2
 467  259  3
 261  260  5
 262  261  2
 263  262  5
 748  262  3
 894  262  3
 264  263  1
 265  264  4
 510  264  1
 266  265  4
 509  265  1
 512  265  1
 551  265  5
 753  265  1
 267  266  1
 268  267  5
 552  267  3
 269  268  5
 754  268  4
 270  269  3
 553  269  2
 1125  269  4
 271  270  1
 760  270  4
 1126  270  4
 272  271  2
 273  272  2
 274  273  2
 275  274  1
 276  275  5
 578  276  1
 278  277  5
 284  277  1
 290  277  3
 378  277  3
 837  277  1
 279  278  2
 711  278  5
 280  279  3
 1008  279  2
 281  280  4
 287  280  3
 292  280  2
 433  280  5
 434  280  3
 756  281  1
 896  281  4
 897  281  2
 283  282  2
 555  282  1
 285  284  5
 291  284  2
 296  284  2
 297  284  1
 310  284  5
 404  284  1
 405  284  2
 847  284  4
 848  284  3
 286  285  1
 287  286  5
 865  287  2
 289  288  4
 290  289  1
 292  291  4
 293  292  2
 435  292  5
 294  293  2
 295  294  2
 298  297  2
 865  297  1
 866  297  2
 782  298  5
 783  298  1
 300  299  2
 314  299  2
 474  299  2
 301  300  3
 302  301  3
 303  302  3
 304  303  2
 305  304  5
 519  304  4
 520  304  3
 306  305  3
 942  305  4
 307  306  4
 308  307  4
 309  308  3
 311  310  1
 312  311  1
 313  312  3
 435  312  2
 314  313  4
 321  313  2
 315  314  1
 316  315  1
 317  316  2
 522  316  2
 318  317  5
 945  317  2
 320  319  5
 406  319  5
 407  319  5
 321  320  3
 866  320  4
 867  320  1
 322  321  2
 436  321  3
 323  322  1
 324  323  3
 325  324  1
 326  325  4
 327  326  4
 328  327  1
 523  328  1
 330  329  2
 407  329  2
 408  329  1
 331  330  4
 332  331  4
 333  332  4
 334  333  1
 335  334  1
 343  334  1
 336  335  5
 870  335  2
 337  336  2
 444  336  4
 338  337  1
 443  337  2
 954  337  2
 339  338  3
 954  338  1
 340  339  1
 531  339  1
 532  339  1
 957  339  2
 342  341  5
 350  341  5
 408  341  3
 854  341  5
 343  342  1
 976  342  1
 344  343  2
 351  343  3
 345  344  2
 346  345  1
 347  346  1
 445  346  1
 965  346  1
 348  347  3
 444  347  4
 956  347  2
 349  348  4
 351  350  3
 352  351  1
 977  351  1
 353  352  5
 354  353  1
 449  353  1
 450  353  1
 356  355  2
 358  357  5
 359  358  1
 360  359  4
 361  360  2
 362  361  1
 611  361  1
 612  361  1
 363  362  5
 364  363  3
 800  364  3
 801  364  3
 366  365  5
 367  366  3
 382  367  3
 590  367  2
 369  368  2
 370  369  4
 840  369  4
 371  370  1
 623  370  4
 374  373  4
 793  373  4
 376  375  1
 831  375  1
 832  375  1
 796  376  1
 797  376  1
 378  377  3
 711  377  2
 998  377  4
 1006  377  3
 380  379  3
 986  379  1
 381  380  3
 382  381  3
 384  383  2
 385  384  5
 386  385  2
 387  386  1
 388  387  2
 390  389  1
 861  389  2
 391  390  3
 855  390  5
 393  392  4
 395  394  3
 987  394  3
 396  395  2
 397  396  5
 669  397  5
 399  398  1
 682  399  5
 401  400  5
 424  400  3
 402  401  1
 731  401  1
 732  401  1
 1019  401  1
 403  402  2
 452  402  3
 475  402  2
 404  403  1
 1008  403  2
 406  405  5
 851  407  2
 410  409  1
 862  409  3
 1024  409  2
 411  410  3
 412  411  4
 1014  412  1
 414  413  1
 876  413  2
 1029  413  4
 1015  414  1
 416  415  2
 417  416  5
 669  416  2
 670  416  5
 883  416  2
 418  417  2
 419  418  3
 420  419  2
 421  420  2
 422  421  2
 690  421  2
 691  421  1
 683  422  1
 425  424  1
 712  424  2
 426  425  2
 427  426  2
 429  428  3
 732  428  2
 733  428  3
 430  429  2
 732  429  3
 1016  429  3
 431  430  4
 432  431  5
 433  432  3
 465  432  5
 1019  432  4
 434  433  1
 1020  433  2
 468  434  3
 437  436  1
 438  437  5
 439  438  1
 440  439  3
 523  439  3
 950  439  4
 441  440  3
 527  440  3
 528  440  4
 950  440  3
 442  441  2
 443  442  3
 953  442  1
 446  445  1
 969  445  1
 447  446  3
 448  447  1
 449  448  2
 973  448  2
 451  450  1
 453  452  1
 478  453  3
 479  453  3
 885  453  1
 874  454  2
 881  454  2
 885  454  1
 456  455  1
 882  455  1
 457  456  2
 459  458  1
 687  459  2
 688  459  3
 694  459  2
 461  460  1
 1045  460  5
 462  461  1
 1018  461  1
 463  462  2
 464  462  4
 717  462  3
 735  462  2
 464  463  5
 465  464  2
 1047  464  1
 466  465  5
 748  465  5
 468  467  2
 469  468  4
 1067  468  3
 470  469  1
 471  470  1
 896  470  1
 1068  470  1
 472  471  4
 473  472  1
 474  473  1
 899  473  1
 476  475  1
 477  476  4
 478  477  4
 900  477  1
 479  478  1
 620  479  3
 481  480  4
 482  481  3
 483  482  5
 628  482  4
 484  483  4
 485  484  2
 487  486  3
 488  487  5
 672  487  2
 489  488  3
 490  489  3
 675  489  4
 491  490  4
 674  490  5
 492  491  1
 494  491  4
 495  491  3
 493  492  2
 696  497  1
 893  497  3
 499  498  2
 500  499  3
 689  499  4
 698  499  2
 501  500  3
 503  502  1
 504  503  4
 1046  503  2
 505  504  1
 737  504  2
 738  504  2
 749  504  1
 910  504  3
 506  505  2
 750  505  2
 1052  505  2
 507  506  1
 751  506  2
 508  507  2
 509  508  2
 752  508  2
 753  508  2
 1048  508  1
 1053  509  1
 511  510  1
 758  510  1
 512  511  3
 513  512  2
 554  512  1
 759  512  1
 1095  513  1
 515  514  3
 558  514  1
 516  515  1
 785  515  5
 517  516  2
 1108  516  5
 518  517  2
 519  518  2
 521  520  2
 522  521  1
 524  523  1
 951  523  4
 525  524  4
 526  525  1
 527  526  1
 529  528  1
 530  529  4
 531  530  1
 533  532  3
 959  532  2
 534  533  5
 956  534  1
 536  535  1
 591  535  1
 1139  536  1
 621  537  5
 622  537  5
 539  538  2
 1110  538  2
 540  539  3
 1112  540  5
 542  541  5
 544  543  3
 545  543  4
 545  544  3
 699  545  2
 702  545  2
 548  547  3
 549  548  1
 910  548  1
 550  549  2
 551  550  4
 741  550  5
 742  550  5
 753  550  4
 553  552  3
 554  553  3
 760  554  1
 556  555  3
 557  556  4
 558  557  1
 560  559  1
 593  559  1
 594  559  1
 562  561  5
 911  562  3
 564  563  3
 745  563  5
 746  563  4
 1154  563  1
 565  564  1
 566  565  2
 567  566  3
 580  566  5
 568  567  1
 775  567  1
 569  568  2
 570  569  1
 571  570  5
 573  572  3
 575  574  2
 576  575  1
 1150  575  1
 931  577  3
 1164  577  2
 766  578  1
 767  578  1
 580  579  1
 581  580  2
 1155  580  2
 582  581  1
 775  581  1
 928  581  1
 583  582  1
 584  583  2
 585  584  1
 587  586  5
 588  587  2
 812  587  5
 820  587  1
 589  588  4
 590  589  2
 592  591  5
 593  592  1
 918  593  4
 595  594  3
 596  595  1
 598  597  3
 884  597  1
 1072  598  1
 1073  598  1
 601  600  2
 819  600  2
 829  600  2
 830  600  2
 602  601  1
 603  602  3
 604  603  1
 985  603  2
 605  604  3
 634  604  1
 606  605  3
 607  606  2
 608  607  2
 609  608  5
 800  608  4
 610  609  1
 613  612  1
 614  613  2
 615  614  2
 716  614  1
 616  615  5
 618  617  2
 619  618  1
 1139  619  4
 621  620  2
 624  623  1
 841  623  2
 625  624  1
 626  625  1
 627  626  5
 862  628  2
 902  629  4
 842  633  1
 991  633  1
 992  633  1
 635  634  1
 636  635  1
 637  636  3
 638  637  1
 639  638  1
 640  639  3
 642  641  1
 643  642  4
 644  643  2
 984  643  1
 645  644  1
 647  646  5
 648  647  3
 650  649  2
 651  650  5
 652  651  1
 813  651  4
 654  653  4
 655  654  1
 656  655  1
 658  657  4
 659  658  4
 660  659  4
 661  660  2
 662  661  1
 663  662  1
 664  663  4
 665  664  3
 824  665  3
 667  666  1
 668  667  4
 672  671  2
 673  671  2
 674  673  3
 890  674  1
 676  675  4
 677  676  1
 680  679  5
 681  680  4
 683  682  1
 1026  682  1
 684  683  2
 692  683  2
 685  684  2
 686  685  2
 687  686  4
 887  686  4
 1030  687  4
 689  688  3
 1043  688  2
 692  691  3
 693  692  4
 886  693  4
 887  693  5
 695  694  2
 697  696  3
 1081  696  2
 698  697  1
 699  698  2
 700  698  2
 907  698  2
 908  698  2
 700  699  3
 702  701  5
 1082  702  2
 704  703  1
 705  704  1
 706  705  3
 707  706  1
 708  707  1
 710  709  1
 809  709  1
 811  709  2
 810  710  4
 728  711  3
 845  711  2
 846  711  1
 713  712  2
 714  713  2
 715  714  1
 1031  715  1
 736  717  3
 721  720  2
 722  721  1
 723  722  1
 1092  722  2
 724  723  5
 725  724  2
 726  725  4
 1091  725  3
 1116  725  3
 727  726  4
 729  728  1
 1009  728  5
 1010  728  3
 730  729  2
 859  729  4
 734  733  3
 735  734  1
 737  736  1
 739  738  5
 740  739  1
 752  739  2
 910  739  3
 741  740  5
 744  743  1
 745  744  1
 755  745  3
 747  746  2
 749  748  2
 750  749  2
 752  751  1
 753  752  4
 755  754  2
 757  756  4
 758  757  2
 759  758  2
 1069  758  4
 761  760  2
 762  761  2
 763  762  4
 764  763  4
 765  764  1
 766  765  4
 922  766  1
 768  767  5
 769  768  2
 935  768  1
 1156  768  2
 1157  768  1
 770  769  3
 771  770  3
 772  771  3
 773  772  4
 774  773  4
 777  776  2
 778  777  2
 779  778  3
 780  779  5
 782  781  5
 897  781  5
 898  781  2
 784  783  1
 785  784  2
 787  786  5
 788  787  4
 789  788  3
 790  789  4
 791  790  2
 792  791  4
 949  792  4
 794  793  3
 795  794  4
 796  795  3
 844  795  4
 798  797  1
 799  798  2
 800  799  4
 802  801  4
 807  802  1
 804  803  1
 805  804  4
 806  805  1
 807  806  2
 809  808  5
 810  809  1
 814  813  1
 815  814  2
 816  815  1
 817  816  3
 818  817  5
 819  818  1
 822  821  1
 823  822  4
 825  824  4
 826  825  2
 827  826  1
 828  827  2
 829  828  2
 983  829  3
 831  830  2
 833  832  4
 836  835  5
 837  836  1
 839  838  1
 840  839  3
 987  842  5
 993  843  1
 847  846  5
 996  846  5
 997  846  4
 849  848  3
 850  849  2
 851  850  1
 852  851  4
 853  852  5
 854  853  1
 857  856  5
 858  857  4
 860  859  3
 1027  862  1
 868  867  2
 869  868  5
 870  869  4
 872  871  1
 873  872  1
 874  873  4
 875  874  2
 1028  874  2
 877  876  2
 878  877  1
 879  878  2
 881  880  4
 883  882  5
 885  884  2
 1023  884  2
 892  891  4
 893  892  2
 1044  893  1
 895  894  3
 1065  894  3
 1066  894  1
 896  895  3
 1064  896  1
 1069  896  1
 899  898  3
 901  900  4
 903  902  1
 904  903  5
 906  905  2
 1082  907  2
 909  908  2
 912  911  4
 914  913  3
 916  915  3
 917  916  3
 919  918  2
 1128  918  1
 1129  918  2
 920  919  4
 1131  919  2
 921  920  2
 923  922  4
 925  924  4
 926  925  2
 927  926  1
 929  928  2
 930  929  1
 934  933  5
 936  935  1
 937  936  1
 939  938  2
 940  939  3
 941  940  1
 943  942  1
 944  943  4
 946  945  1
 947  946  3
 948  947  1
 949  948  3
 952  950  3
 955  954  1
 956  955  3
 958  957  1
 959  958  1
 960  959  5
 962  959  1
 961  960  3
 963  962  3
 964  963  1
 966  965  3
 968  965  2
 967  966  2
 969  968  5
 970  969  1
 972  971  4
 975  974  2
 978  974  3
 976  975  1
 980  979  2
 981  980  2
 982  981  5
 983  982  2
 985  984  3
 988  987  5
 989  988  3
 991  990  1
 994  993  2
 996  995  1
 1010  995  2
 999  998  2
 1001  998  2
 1002  998  1
 1000  999  1
 1003  1002  2
 1004  1003  5
 1005  1004  1
 1007  1006  4
 1012  1011  2
 1013  1011  4
 1015  1014  4
 1017  1016  1
 1018  1017  4
 1020  1019  3
 1022  1021  4
 1025  1024  1
 1026  1025  1
 1033  1031  4
 1035  1034  3
 1039  1038  2
 1041  1040  1
 1042  1041  4
 1047  1046  3
 1050  1049  1
 1051  1050  4
 1055  1054  3
 1056  1055  1
 1057  1056  3
 1058  1057  1
 1059  1058  3
 1060  1059  1
 1062  1061  5
 1063  1062  2
 1064  1063  3
 1067  1066  5
 1071  1070  2
 1074  1073  3
 1075  1074  1
 1077  1076  1
 1080  1079  4
 1085  1084  5
 1086  1085  4
 1087  1086  4
 1088  1087  5
 1089  1088  1
 1090  1089  1
 1091  1090  1
 1115  1090  2
 1094  1093  1
 1096  1095  2
 1098  1097  3
 1099  1098  5
 1100  1099  5
 1101  1100  2
 1102  1101  1
 1103  1102  1
 1104  1103  3
 1105  1104  3
 1106  1105  4
 1108  1107  1
 1111  1109  1
 1114  1113  4
 1117  1116  5
 1118  1117  3
 1119  1118  1
 1124  1118  1
 1120  1119  2
 1121  1120  1
 1122  1121  1
 1123  1122  1
 1128  1127  1
 1130  1129  2
 1140  1129  3
 1132  1131  5
 1133  1132  2
 1142  1132  1
 1134  1133  4
 1135  1134  1
 1136  1135  1
 1138  1137  2
 1142  1141  1
 1146  1145  5
 1148  1147  3
 1152  1151  3
 1156  1155  1
 1159  1158  3
 1161  1160  5
 1163  1162  3
 1165  1164  3
 1166  1165  3
 1168  1167  1
 1169  1168  5
 1170  1169  2
 1172  1171  2
 1174  1173  2
