317 665
9 7 
4 2 
2 5 
1 5 
10 5 
1 10 
4 4 
7 7 
5 8 
7 7 
1 9 
10 9 
8 7 
5 6 
8 5 
1 7 
2 7 
4 9 
10 9 
1 5 
3 7 
1 9 
3 4 
10 5 
2 6 
6 5 
8 7 
10 5 
9 2 
10 6 
7 2 
4 2 
3 7 
4 9 
8 2 
10 2 
8 10 
3 6 
8 4 
4 2 
6 4 
7 4 
3 10 
1 5 
6 9 
8 8 
8 9 
7 7 
6 6 
2 7 
6 8 
1 3 
2 6 
4 8 
5 9 
5 10 
5 9 
6 8 
6 4 
7 4 
1 2 
5 7 
3 3 
7 8 
7 3 
7 7 
4 7 
7 4 
6 10 
9 3 
10 2 
5 3 
1 8 
6 9 
6 10 
8 3 
3 2 
9 2 
3 4 
6 4 
6 7 
10 8 
9 2 
4 5 
1 7 
4 4 
7 7 
9 5 
6 3 
8 8 
5 3 
1 3 
9 5 
8 5 
6 5 
6 4 
4 6 
7 3 
6 10 
8 10 
2 7 
4 2 
4 8 
4 5 
10 9 
1 9 
2 6 
9 9 
9 9 
6 2 
10 2 
4 4 
3 7 
3 5 
6 2 
8 6 
1 2 
2 3 
5 4 
10 6 
7 8 
8 4 
9 6 
1 7 
9 2 
8 3 
4 7 
9 5 
7 2 
9 7 
7 2 
1 10 
2 3 
4 2 
6 3 
2 2 
9 5 
7 9 
10 9 
1 2 
1 2 
5 8 
5 7 
9 7 
3 7 
9 3 
10 6 
10 2 
9 8 
1 10 
7 8 
9 5 
8 3 
4 10 
2 8 
1 6 
1 7 
5 9 
5 4 
5 8 
2 8 
8 3 
3 10 
9 10 
5 5 
6 10 
3 10 
7 10 
8 4 
8 10 
1 5 
9 4 
10 7 
2 7 
6 2 
10 8 
10 9 
5 4 
6 3 
6 6 
7 4 
3 2 
9 3 
3 3 
1 8 
8 3 
7 6 
7 2 
5 4 
8 7 
2 7 
4 8 
7 3 
10 2 
8 5 
7 10 
8 5 
1 3 
6 5 
2 10 
3 2 
3 8 
6 8 
9 10 
2 8 
8 3 
6 7 
2 2 
1 6 
8 10 
1 6 
8 5 
1 6 
3 2 
10 5 
10 7 
4 8 
5 2 
7 5 
5 3 
3 7 
6 6 
10 6 
8 3 
10 9 
7 10 
5 10 
1 2 
7 4 
9 9 
3 5 
10 2 
3 4 
8 10 
7 5 
1 10 
7 3 
6 7 
4 8 
1 7 
4 4 
6 3 
2 3 
2 8 
7 2 
9 4 
8 6 
9 8 
1 8 
6 6 
6 10 
5 5 
8 3 
9 5 
9 2 
2 2 
3 2 
6 9 
1 9 
5 4 
8 10 
4 3 
9 4 
5 3 
4 8 
9 7 
10 9 
9 10 
2 3 
4 6 
7 5 
7 4 
9 2 
7 9 
7 7 
4 3 
9 4 
3 3 
2 5 
8 9 
8 2 
9 3 
5 5 
5 8 
6 7 
5 7 
7 7 
1 8 
10 10 
2 7 
8 7 
8 5 
4 5 
3 9 
8 3 
7 6 
6 7 
10 7 
2 4 
1 4 
8 9 
8 3 
6 5 
5 6 
6 7 
5 6 
2 4 
4 10 
1 10 
1 3 
4 9 
3 6 
8 4 
10 5 
8 3 
4 6 
2 2 
 1  1  6
 2  2  1
 3  3  3
 8  4  3
 9  5  2
 10  6  2
 11  7  1
 12  8  4
 13  9  1
 19  10  5
 20  11  2
 21  12  1
 22  13  1
 23  14  5
 24  15  3
 30  16  6
 31  17  5
 32  18  6
 33  19  6
 34  20  1
 35  21  4
 41  22  6
 42  23  2
 43  24  4
 44  25  2
 45  26  2
 46  27  3
 52  28  1
 53  29  1
 54  30  3
 55  31  1
 56  32  1
 57  33  4
 63  34  5
 64  35  1
 65  36  1
 66  37  6
 67  38  2
 68  39  3
 74  40  1
 75  41  3
 76  42  2
 77  43  2
 78  44  1
 79  45  4
 85  46  3
 86  47  3
 87  48  3
 88  49  3
 89  50  1
 90  51  1
 96  52  1
 97  53  1
 98  54  5
 99  55  3
 100  56  2
 101  57  1
 108  58  2
 109  59  3
 110  60  3
 111  61  1
 112  62  2
 113  63  2
 119  64  5
 120  65  2
 121  66  5
 122  67  2
 123  68  1
 124  69  3
 130  70  1
 131  71  1
 132  72  2
 133  73  2
 134  74  4
 135  75  1
 141  76  1
 142  77  1
 143  78  1
 144  79  2
 145  80  1
 146  81  4
 152  82  6
 153  83  1
 154  84  1
 155  85  3
 156  86  1
 157  87  1
 163  88  3
 164  89  2
 165  90  2
 166  91  2
 167  92  2
 168  93  4
 174  94  1
 175  95  1
 176  96  3
 177  97  2
 178  98  1
 179  99  6
 185  100  1
 186  101  1
 187  102  1
 188  103  2
 189  104  1
 190  105  2
 196  106  3
 197  107  3
 198  108  1
 199  109  6
 200  110  1
 201  111  1
 203  112  3
 204  113  4
 205  114  3
 1  115  1
 2  115  1
 5  115  1
 1  116  1
 2  116  5
 6  116  5
 1  117  1
 2  117  1
 7  117  1
 4  118  2
 14  118  1
 4  119  2
 13  119  3
 15  119  3
 5  120  2
 8  120  5
 16  120  2
 6  121  5
 9  121  6
 17  121  2
 7  122  3
 10  122  1
 18  122  1
 8  123  4
 11  123  2
 9  124  1
 12  124  3
 10  125  1
 13  125  1
 11  126  1
 12  126  1
 16  126  2
 11  127  5
 12  127  5
 17  127  1
 11  128  2
 12  128  2
 18  128  3
 14  129  1
 15  129  1
 25  129  1
 15  130  2
 24  130  1
 26  130  2
 16  131  1
 19  131  1
 27  131  1
 17  132  5
 20  132  4
 28  132  6
 18  133  2
 21  133  1
 29  133  2
 19  134  1
 22  134  1
 20  135  2
 23  135  1
 21  136  1
 24  136  1
 22  137  4
 23  137  3
 27  137  3
 22  138  2
 23  138  1
 28  138  4
 22  139  3
 23  139  4
 29  139  2
 25  140  1
 26  140  1
 36  140  1
 26  141  1
 35  141  1
 37  141  1
 27  142  3
 30  142  5
 38  142  6
 28  143  6
 31  143  1
 39  143  2
 29  144  2
 32  144  2
 40  144  6
 30  145  1
 33  145  1
 31  146  1
 34  146  1
 32  147  4
 35  147  1
 33  148  1
 34  148  1
 38  148  1
 33  149  5
 34  149  2
 39  149  2
 33  150  3
 34  150  6
 40  150  5
 36  151  3
 37  151  3
 47  151  3
 37  152  2
 46  152  4
 48  152  1
 38  153  2
 41  153  2
 49  153  1
 39  154  5
 42  154  5
 50  154  4
 40  155  2
 43  155  4
 51  155  4
 41  156  3
 44  156  4
 42  157  6
 45  157  6
 43  158  6
 46  158  3
 44  159  3
 45  159  3
 49  159  2
 44  160  1
 45  160  2
 50  160  2
 44  161  4
 45  161  3
 51  161  5
 47  162  1
 48  162  2
 58  162  1
 48  163  5
 57  163  1
 59  163  4
 49  164  4
 52  164  5
 60  164  4
 50  165  2
 53  165  4
 61  165  4
 51  166  4
 54  166  2
 62  166  5
 52  167  6
 55  167  3
 53  168  3
 56  168  6
 54  169  2
 57  169  1
 55  170  5
 56  170  1
 60  170  2
 55  171  4
 56  171  1
 61  171  2
 55  172  1
 56  172  3
 62  172  3
 58  173  2
 59  173  5
 69  173  3
 59  174  4
 68  174  4
 70  174  2
 60  175  1
 63  175  1
 71  175  1
 61  176  6
 64  176  3
 72  176  6
 62  177  3
 65  177  3
 73  177  4
 63  178  2
 66  178  2
 64  179  2
 67  179  2
 65  180  5
 68  180  5
 66  181  1
 67  181  3
 71  181  2
 66  182  1
 67  182  1
 72  182  1
 66  183  1
 67  183  2
 73  183  1
 69  184  2
 70  184  2
 80  184  1
 70  185  4
 79  185  2
 81  185  5
 71  186  1
 74  186  1
 82  186  1
 72  187  5
 75  187  2
 83  187  4
 73  188  1
 76  188  1
 84  188  1
 74  189  1
 77  189  2
 75  190  2
 78  190  4
 76  191  1
 79  191  4
 77  192  2
 78  192  5
 82  192  4
 77  193  2
 78  193  2
 83  193  2
 77  194  1
 78  194  1
 84  194  1
 80  195  3
 81  195  1
 91  195  3
 81  196  2
 90  196  5
 92  196  1
 82  197  2
 85  197  1
 93  197  4
 83  198  1
 86  198  1
 94  198  1
 84  199  1
 87  199  2
 95  199  3
 85  200  2
 88  200  3
 86  201  1
 89  201  1
 87  202  1
 90  202  3
 88  203  1
 89  203  4
 93  203  5
 88  204  4
 89  204  1
 94  204  4
 88  205  1
 89  205  6
 95  205  3
 91  206  1
 92  206  1
 103  206  2
 92  207  3
 101  207  5
 104  207  6
 93  208  1
 96  208  1
 105  208  1
 94  209  4
 97  209  5
 106  209  2
 95  210  1
 98  210  3
 107  210  2
 96  211  3
 99  211  1
 97  212  1
 100  212  2
 98  213  3
 101  213  3
 99  214  1
 100  214  1
 105  214  1
 99  215  3
 100  215  4
 106  215  1
 99  216  3
 100  216  2
 107  216  5
 102  217  5
 103  218  1
 104  218  1
 114  218  1
 104  219  1
 113  219  2
 115  219  2
 105  220  2
 108  220  2
 116  220  1
 106  221  6
 109  221  3
 117  221  5
 107  222  2
 110  222  1
 118  222  3
 108  223  2
 111  223  2
 109  224  2
 112  224  1
 110  225  2
 113  225  4
 111  226  5
 112  226  6
 116  226  6
 111  227  5
 112  227  6
 117  227  2
 111  228  1
 112  228  1
 118  228  1
 114  229  2
 115  229  2
 125  229  2
 115  230  5
 124  230  1
 126  230  6
 116  231  4
 119  231  1
 127  231  2
 117  232  1
 120  232  1
 128  232  1
 118  233  2
 121  233  1
 129  233  3
 119  234  2
 122  234  6
 120  235  4
 123  235  2
 121  236  5
 124  236  3
 122  237  2
 123  237  2
 127  237  2
 122  238  3
 123  238  6
 128  238  6
 122  239  1
 123  239  5
 129  239  4
 125  240  4
 126  240  2
 136  240  1
 126  241  2
 135  241  1
 137  241  3
 127  242  2
 130  242  2
 138  242  1
 128  243  2
 131  243  2
 139  243  2
 129  244  5
 132  244  4
 140  244  1
 130  245  1
 133  245  1
 131  246  3
 134  246  1
 132  247  1
 135  247  3
 133  248  6
 134  248  4
 138  248  6
 133  249  3
 134  249  3
 139  249  4
 133  250  4
 134  250  5
 140  250  2
 136  251  4
 137  251  2
 147  251  3
 137  252  2
 146  252  3
 148  252  3
 138  253  1
 141  253  2
 149  253  1
 139  254  4
 142  254  3
 150  254  3
 140  255  1
 143  255  1
 151  255  1
 141  256  1
 144  256  1
 142  257  1
 145  257  1
 143  258  4
 146  258  4
 144  259  1
 145  259  2
 149  259  4
 144  260  2
 145  260  1
 150  260  1
 144  261  6
 145  261  5
 151  261  5
 147  262  2
 148  262  1
 158  262  1
 148  263  3
 157  263  1
 159  263  1
 149  264  1
 152  264  2
 160  264  1
 150  265  3
 153  265  4
 161  265  5
 151  266  5
 154  266  2
 162  266  6
 152  267  5
 155  267  5
 153  268  1
 156  268  3
 154  269  2
 157  269  1
 155  270  4
 156  270  4
 160  270  1
 155  271  4
 156  271  2
 161  271  3
 155  272  2
 156  272  1
 162  272  3
 158  273  1
 159  273  1
 169  273  1
 159  274  4
 168  274  6
 170  274  6
 160  275  5
 163  275  3
 171  275  2
 161  276  1
 164  276  2
 172  276  1
 162  277  1
 165  277  1
 173  277  2
 163  278  2
 166  278  1
 164  279  1
 167  279  3
 165  280  6
 168  280  2
 166  281  1
 167  281  1
 171  281  1
 166  282  2
 167  282  1
 172  282  2
 166  283  1
 167  283  3
 173  283  4
 169  284  5
 170  284  4
 180  284  2
 170  285  4
 179  285  3
 181  285  2
 171  286  6
 174  286  2
 182  286  2
 172  287  3
 175  287  1
 183  287  6
 173  288  1
 176  288  5
 184  288  3
 174  289  6
 177  289  4
 175  290  1
 178  290  3
 176  291  2
 179  291  2
 177  292  1
 178  292  4
 182  292  3
 177  293  3
 178  293  2
 183  293  1
 177  294  3
 178  294  4
 184  294  4
 180  295  1
 181  295  1
 191  295  2
 181  296  4
 190  296  2
 192  296  4
 182  297  6
 185  297  4
 193  297  3
 183  298  1
 186  298  5
 194  298  3
 184  299  1
 187  299  2
 195  299  1
 185  300  3
 188  300  2
 186  301  5
 189  301  6
 187  302  1
 190  302  1
 188  303  4
 189  303  4
 193  303  1
 188  304  5
 189  304  2
 194  304  5
 188  305  1
 189  305  6
 195  305  5
 191  306  3
 192  306  2
 202  306  3
 192  307  1
 201  307  2
 193  308  3
 196  308  2
 194  309  5
 197  309  3
 195  310  2
 198  310  2
 196  311  3
 199  311  3
 197  312  3
 200  312  3
 198  313  1
 201  313  1
 199  314  2
 200  314  4
 203  314  4
 204  314  3
 199  315  2
 200  315  1
 203  315  1
 204  315  2
 199  316  4
 200  316  3
 203  316  2
 204  316  1
 205  316  5
 202  317  1
 205  317  1
