1589 2742
2 6 
2 5 
7 3 
7 3 
9 6 
9 9 
3 5 
3 3 
8 5 
7 7 
9 7 
3 3 
6 8 
10 9 
6 10 
5 8 
5 5 
5 9 
4 5 
9 5 
5 10 
1 5 
4 9 
6 7 
1 7 
1 10 
1 4 
6 10 
1 6 
10 9 
3 9 
6 3 
9 7 
2 10 
10 9 
6 8 
9 5 
8 10 
9 8 
9 9 
6 7 
5 5 
4 5 
7 7 
6 5 
1 8 
7 5 
4 10 
9 8 
10 5 
5 4 
6 3 
1 8 
4 3 
3 6 
2 9 
1 6 
5 2 
4 3 
3 5 
10 9 
5 9 
5 7 
7 4 
4 8 
5 5 
9 3 
9 9 
10 4 
9 5 
7 4 
6 9 
1 4 
8 9 
4 2 
1 8 
1 2 
4 2 
7 7 
7 5 
6 5 
8 6 
1 3 
1 8 
3 4 
6 6 
8 8 
10 3 
2 9 
4 6 
9 9 
5 4 
2 10 
3 4 
10 9 
4 6 
9 8 
4 2 
3 5 
8 4 
10 4 
4 3 
5 7 
10 9 
5 4 
8 8 
10 4 
6 3 
10 3 
4 3 
2 7 
9 4 
6 8 
3 7 
8 2 
1 8 
6 9 
9 5 
1 8 
9 5 
8 4 
9 7 
2 7 
8 7 
6 3 
10 7 
6 6 
10 9 
10 2 
3 6 
7 9 
6 2 
5 10 
4 2 
6 7 
3 3 
10 5 
6 4 
6 2 
7 6 
3 10 
3 7 
9 6 
7 10 
9 6 
6 7 
2 5 
6 5 
6 3 
9 7 
7 5 
2 2 
10 9 
4 3 
1 5 
1 3 
4 6 
10 4 
4 9 
10 4 
3 8 
4 8 
1 8 
4 2 
9 6 
8 6 
5 8 
6 6 
1 10 
7 10 
5 4 
6 6 
8 6 
5 7 
4 4 
7 7 
5 8 
4 2 
4 10 
7 7 
9 5 
5 7 
5 6 
3 7 
4 5 
10 9 
1 3 
4 8 
8 8 
10 8 
9 9 
2 7 
7 10 
10 5 
9 2 
6 9 
5 5 
10 3 
6 6 
9 8 
2 5 
3 9 
2 6 
5 8 
10 9 
9 2 
2 5 
9 5 
10 2 
2 3 
1 2 
1 6 
2 6 
7 2 
1 6 
6 6 
6 7 
6 2 
5 7 
7 5 
1 6 
10 3 
4 2 
1 8 
1 10 
6 2 
9 4 
3 6 
7 10 
8 3 
7 4 
1 3 
4 4 
5 4 
7 5 
10 10 
2 10 
2 4 
2 6 
4 3 
9 8 
6 6 
7 7 
10 6 
10 8 
4 8 
5 3 
10 3 
7 6 
8 9 
1 8 
3 7 
6 8 
1 9 
3 2 
7 7 
3 9 
10 6 
6 10 
5 10 
8 4 
7 9 
10 10 
3 6 
10 4 
7 5 
4 6 
4 4 
10 6 
2 10 
6 2 
2 5 
9 6 
8 6 
4 3 
2 5 
9 2 
10 3 
2 2 
10 5 
2 6 
2 6 
6 9 
3 5 
5 6 
4 9 
10 9 
8 10 
10 3 
2 7 
1 3 
8 5 
8 5 
4 5 
2 10 
5 5 
8 10 
1 2 
8 10 
8 8 
8 2 
3 2 
4 9 
7 5 
6 3 
10 9 
9 2 
7 10 
3 6 
1 10 
1 5 
8 8 
5 2 
6 10 
2 6 
5 3 
9 7 
5 9 
7 2 
6 6 
7 6 
9 10 
8 9 
2 3 
7 8 
3 5 
6 7 
7 5 
4 2 
8 7 
10 10 
9 4 
9 9 
8 7 
3 6 
9 6 
4 8 
1 10 
7 10 
7 2 
3 5 
1 8 
8 9 
8 6 
10 10 
9 3 
7 8 
3 4 
10 3 
8 7 
1 2 
5 10 
4 7 
7 5 
6 9 
9 7 
3 7 
4 10 
1 9 
9 7 
6 10 
5 7 
4 4 
5 3 
1 7 
8 4 
6 9 
10 6 
4 8 
2 4 
9 5 
6 9 
10 6 
8 8 
2 5 
1 4 
2 7 
4 6 
7 4 
6 3 
10 6 
10 8 
5 2 
9 7 
5 3 
8 10 
8 4 
9 8 
2 9 
10 7 
7 2 
2 4 
9 4 
2 3 
2 5 
6 5 
7 10 
6 9 
1 6 
2 3 
9 4 
5 4 
4 7 
10 7 
2 3 
2 8 
9 8 
10 8 
6 4 
9 7 
6 5 
5 2 
6 8 
2 2 
9 7 
1 10 
6 10 
6 7 
4 6 
9 3 
8 5 
8 5 
4 6 
7 10 
10 4 
9 5 
10 2 
9 6 
4 9 
6 2 
2 5 
4 7 
3 8 
7 9 
1 9 
4 5 
5 3 
2 3 
9 6 
7 10 
2 8 
1 6 
2 7 
2 6 
3 3 
4 10 
4 4 
9 10 
2 7 
3 4 
10 9 
5 3 
4 6 
2 5 
1 3 
2 10 
8 2 
3 6 
9 3 
2 5 
1 9 
6 4 
10 5 
1 9 
6 7 
2 2 
1 3 
9 4 
6 2 
6 10 
7 3 
9 8 
1 3 
9 8 
6 10 
5 3 
8 3 
6 6 
4 5 
9 10 
10 3 
3 10 
4 4 
5 7 
10 6 
2 8 
8 2 
8 2 
5 8 
5 10 
2 7 
4 7 
9 7 
4 9 
6 6 
1 8 
5 6 
6 9 
10 6 
3 5 
10 9 
5 7 
4 5 
2 7 
7 5 
3 5 
10 2 
9 7 
1 9 
4 6 
3 5 
4 2 
2 9 
7 9 
1 5 
8 8 
5 7 
1 10 
10 8 
6 3 
1 3 
3 10 
4 4 
2 4 
7 3 
7 9 
10 7 
6 7 
9 2 
6 8 
10 7 
8 6 
1 2 
1 9 
2 6 
4 7 
4 4 
7 7 
4 10 
9 9 
6 6 
5 10 
9 7 
1 6 
7 6 
2 4 
10 10 
7 6 
10 6 
8 9 
9 9 
4 10 
1 2 
7 2 
7 7 
8 7 
6 3 
2 2 
6 10 
9 5 
4 2 
7 4 
2 4 
3 8 
7 4 
10 6 
3 2 
4 4 
1 4 
4 7 
7 2 
3 6 
3 10 
4 5 
6 10 
10 2 
5 6 
4 8 
5 10 
10 6 
7 10 
7 8 
2 8 
4 3 
1 4 
8 8 
3 4 
6 2 
6 10 
9 8 
3 6 
10 4 
10 10 
2 8 
1 2 
7 2 
5 7 
7 5 
2 4 
7 8 
3 6 
2 6 
4 5 
6 9 
7 6 
4 9 
8 8 
8 7 
10 8 
3 5 
5 7 
6 7 
10 2 
4 2 
2 10 
6 9 
2 7 
3 8 
7 4 
6 6 
5 4 
10 4 
3 5 
4 10 
2 6 
1 7 
1 6 
8 2 
10 9 
3 7 
10 10 
5 7 
4 2 
5 5 
1 4 
10 6 
7 4 
1 4 
10 8 
5 3 
8 5 
8 8 
7 9 
2 6 
5 10 
6 3 
6 5 
1 3 
5 5 
10 10 
9 5 
5 3 
2 10 
8 7 
9 2 
8 5 
1 5 
4 3 
6 3 
10 8 
6 9 
3 8 
9 3 
2 3 
8 4 
5 5 
10 5 
7 5 
9 10 
7 8 
4 2 
9 6 
1 9 
5 3 
9 4 
4 9 
3 7 
8 3 
1 5 
6 9 
8 10 
3 3 
6 4 
6 4 
9 9 
6 9 
10 8 
4 10 
1 5 
1 8 
1 6 
8 10 
1 7 
7 4 
3 6 
7 4 
9 5 
4 6 
4 6 
10 9 
1 4 
1 8 
6 5 
1 10 
1 6 
3 8 
3 10 
8 7 
9 3 
8 10 
6 7 
5 5 
9 7 
5 2 
1 2 
2 6 
5 4 
4 2 
5 2 
4 6 
4 10 
5 9 
3 7 
3 7 
10 6 
5 8 
5 7 
7 6 
3 7 
2 10 
2 2 
4 7 
8 9 
5 8 
9 4 
10 9 
5 6 
9 5 
3 4 
2 3 
3 5 
10 2 
1 10 
7 3 
7 2 
1 7 
4 4 
3 4 
9 10 
9 5 
1 5 
3 5 
5 6 
3 8 
10 4 
5 4 
10 3 
3 6 
4 9 
2 4 
10 5 
2 4 
2 4 
5 5 
1 4 
6 3 
6 4 
10 10 
5 2 
3 3 
8 10 
5 8 
4 4 
1 9 
1 9 
1 5 
2 8 
7 8 
9 8 
7 2 
3 2 
7 9 
5 5 
5 3 
4 3 
9 8 
2 5 
4 9 
7 10 
4 8 
7 3 
6 4 
9 10 
4 6 
9 7 
1 3 
4 7 
7 4 
9 2 
7 4 
1 8 
1 5 
3 7 
10 8 
1 4 
10 4 
9 8 
7 5 
6 9 
3 4 
3 2 
5 2 
3 5 
6 3 
2 5 
9 8 
6 5 
10 5 
10 8 
9 5 
5 3 
3 5 
1 7 
10 4 
10 5 
3 5 
1 7 
4 8 
8 8 
6 9 
7 9 
5 9 
4 10 
2 6 
8 7 
9 6 
10 9 
7 2 
9 3 
7 4 
3 6 
6 6 
3 3 
1 9 
2 2 
5 9 
8 10 
2 4 
4 5 
10 8 
3 4 
8 2 
3 2 
8 10 
5 4 
9 8 
9 4 
7 5 
10 3 
4 8 
3 8 
1 5 
8 9 
6 9 
5 2 
3 6 
6 4 
3 9 
3 8 
4 7 
1 10 
9 8 
1 8 
1 5 
7 9 
8 8 
7 4 
9 3 
1 3 
7 4 
8 2 
7 8 
1 4 
4 2 
4 8 
2 5 
4 3 
3 6 
9 6 
2 5 
3 2 
3 2 
5 4 
5 2 
2 3 
6 9 
2 8 
4 5 
8 7 
6 6 
4 7 
2 9 
4 9 
6 7 
4 5 
2 3 
7 4 
8 3 
10 6 
6 9 
4 4 
3 9 
2 6 
2 4 
10 5 
4 5 
7 4 
8 7 
10 7 
6 9 
7 3 
8 7 
9 2 
9 10 
4 4 
6 4 
7 7 
6 2 
8 8 
9 9 
4 8 
8 5 
6 4 
2 9 
6 6 
7 4 
3 3 
9 9 
5 5 
8 4 
7 10 
4 3 
6 2 
5 3 
3 3 
6 5 
3 2 
8 7 
3 3 
10 7 
6 2 
1 4 
3 2 
5 8 
9 2 
7 7 
2 6 
6 9 
9 4 
2 10 
2 5 
1 4 
10 6 
3 5 
2 9 
6 10 
1 9 
10 3 
10 7 
3 7 
4 9 
7 3 
5 3 
3 5 
3 8 
4 6 
6 7 
10 10 
7 6 
6 8 
3 7 
2 8 
2 4 
3 3 
5 8 
5 6 
1 4 
4 8 
3 2 
3 3 
2 6 
8 5 
4 2 
5 8 
4 4 
1 10 
6 9 
4 9 
7 8 
8 6 
6 3 
3 7 
9 5 
8 5 
4 9 
3 10 
1 8 
8 4 
1 8 
4 3 
4 8 
7 10 
10 10 
4 2 
6 6 
8 6 
2 4 
1 2 
9 4 
4 5 
8 3 
7 9 
1 10 
9 5 
4 3 
9 8 
3 8 
6 3 
5 4 
7 2 
4 3 
10 4 
4 9 
7 9 
1 7 
10 9 
5 10 
10 9 
5 7 
1 9 
6 5 
6 6 
10 4 
10 8 
4 4 
7 5 
3 4 
6 10 
5 7 
5 8 
9 10 
4 3 
9 3 
8 5 
6 9 
6 3 
2 8 
1 9 
2 5 
9 6 
6 8 
8 9 
4 2 
6 6 
2 6 
6 3 
4 8 
2 5 
7 5 
5 7 
1 8 
6 4 
8 4 
10 5 
8 5 
5 3 
5 6 
8 2 
2 2 
6 3 
2 7 
8 9 
10 5 
10 7 
8 3 
5 5 
3 8 
5 9 
1 3 
2 6 
9 8 
2 2 
7 9 
7 9 
4 8 
6 9 
6 10 
6 3 
2 9 
8 7 
5 4 
8 2 
10 10 
1 4 
6 8 
5 8 
3 8 
4 6 
4 10 
3 4 
1 8 
1 8 
9 8 
1 8 
3 3 
6 9 
10 5 
2 3 
7 8 
9 5 
10 3 
6 4 
3 5 
9 10 
10 6 
2 10 
4 6 
10 6 
5 5 
9 6 
8 2 
1 3 
8 7 
5 8 
3 4 
9 10 
6 4 
2 2 
9 4 
4 5 
2 3 
7 4 
6 8 
3 4 
1 3 
8 4 
8 9 
1 3 
2 2 
2 4 
1 10 
2 8 
7 3 
3 6 
7 7 
7 5 
8 9 
10 9 
7 7 
1 9 
1 5 
4 7 
4 9 
4 10 
7 6 
5 8 
8 9 
1 2 
6 6 
1 4 
4 4 
4 8 
1 5 
1 3 
6 4 
6 8 
3 5 
7 6 
5 5 
8 3 
10 6 
2 6 
7 5 
8 5 
7 7 
9 10 
1 8 
5 9 
5 5 
8 6 
2 2 
6 5 
4 6 
2 7 
3 6 
1 2 
9 7 
5 6 
1 10 
1 9 
5 9 
3 4 
5 9 
4 8 
1 9 
1 5 
10 6 
1 8 
5 6 
4 8 
5 8 
3 3 
7 2 
6 4 
2 8 
2 7 
5 2 
6 6 
9 10 
9 6 
5 6 
8 5 
7 5 
7 8 
10 5 
5 2 
10 5 
6 7 
6 10 
3 4 
1 10 
5 9 
2 3 
8 10 
5 4 
6 2 
5 6 
7 3 
10 7 
5 7 
6 4 
8 10 
1 5 
4 9 
3 10 
8 10 
7 4 
7 3 
6 3 
8 9 
1 9 
4 2 
10 3 
10 8 
4 5 
1 9 
7 9 
1 10 
7 8 
2 8 
6 2 
3 8 
1 9 
10 9 
3 4 
6 4 
2 6 
7 4 
2 9 
7 5 
10 8 
4 6 
4 5 
2 9 
1 8 
4 6 
8 8 
5 7 
8 4 
8 10 
7 5 
4 8 
10 9 
3 5 
6 5 
9 8 
1 6 
3 7 
7 5 
5 9 
6 5 
1 9 
10 4 
6 5 
7 9 
5 3 
4 8 
10 7 
2 6 
6 10 
2 7 
2 6 
3 2 
6 4 
1 2 
8 5 
8 10 
2 3 
2 10 
7 3 
5 7 
5 5 
1 9 
3 3 
9 4 
6 5 
3 4 
1 5 
1 4 
9 8 
1 6 
8 10 
4 7 
5 5 
6 7 
7 2 
7 9 
2 3 
6 8 
7 6 
10 5 
5 5 
8 8 
5 9 
8 2 
2 3 
4 7 
7 2 
6 5 
10 5 
7 6 
7 6 
6 4 
8 3 
6 10 
3 3 
8 4 
3 8 
8 10 
3 6 
3 10 
3 10 
3 4 
4 9 
7 8 
4 8 
7 4 
6 8 
8 6 
9 4 
8 9 
10 8 
3 6 
2 2 
8 9 
4 9 
3 4 
5 5 
4 3 
8 4 
5 2 
6 10 
5 6 
4 6 
2 8 
5 10 
3 8 
2 2 
10 7 
2 6 
9 3 
10 8 
5 7 
9 7 
4 6 
9 3 
8 3 
4 7 
10 3 
8 4 
3 2 
2 6 
2 6 
7 10 
9 2 
6 8 
8 10 
6 3 
6 8 
5 4 
7 3 
9 8 
10 4 
5 6 
1 7 
3 3 
8 2 
5 6 
4 7 
7 5 
6 3 
10 10 
7 8 
8 8 
10 6 
4 10 
3 2 
10 5 
2 2 
1 7 
5 8 
3 6 
2 5 
10 5 
2 10 
2 6 
8 3 
9 4 
3 10 
1 8 
2 9 
10 6 
3 10 
6 7 
4 3 
6 9 
9 5 
9 5 
8 9 
7 4 
8 6 
4 8 
8 9 
2 4 
10 3 
5 7 
5 3 
5 2 
4 8 
6 9 
4 7 
8 5 
2 6 
5 2 
7 8 
8 4 
1 3 
1 9 
1 10 
8 10 
10 3 
7 6 
2 9 
7 10 
4 4 
4 7 
6 4 
9 9 
3 5 
1 5 
7 4 
9 8 
3 8 
8 2 
10 5 
8 7 
4 10 
4 3 
2 8 
4 9 
9 2 
3 10 
9 8 
1 7 
2 9 
3 8 
9 7 
3 7 
2 5 
9 9 
7 8 
4 10 
5 5 
2 4 
10 8 
3 7 
4 9 
3 2 
7 2 
5 6 
6 3 
10 9 
3 7 
3 7 
3 4 
8 9 
10 7 
1 8 
1 5 
2 8 
1 9 
8 6 
7 9 
5 8 
10 10 
9 2 
2 2 
4 3 
1 2 
7 6 
7 4 
3 9 
4 10 
4 9 
2 2 
8 4 
7 6 
8 4 
9 8 
5 6 
8 6 
6 9 
5 4 
10 7 
6 2 
6 6 
8 2 
10 5 
5 6 
3 5 
7 4 
7 4 
3 5 
10 5 
10 6 
9 2 
8 8 
9 4 
4 4 
6 2 
3 9 
2 7 
10 5 
7 6 
10 8 
3 8 
10 9 
9 9 
5 10 
6 10 
10 7 
4 5 
10 5 
10 6 
8 3 
7 3 
7 5 
7 5 
6 6 
6 7 
10 7 
6 2 
10 7 
5 8 
2 8 
8 6 
2 7 
8 8 
9 3 
1 2 
4 10 
5 4 
5 10 
3 8 
2 5 
8 7 
10 10 
4 5 
2 6 
 2  1  3
 1085  1  2
 947  2  2
 1085  2  4
 4  3  2
 5  3  1
 6  3  2
 7  3  1
 5  4  2
 6  4  2
 7  4  2
 6  5  5
 7  5  5
 7  6  3
 9  8  1
 10  8  2
 11  8  2
 12  8  1
 11  10  5
 12  10  3
 1425  10  3
 1426  10  4
 1533  10  4
 12  11  1
 14  13  1
 15  13  3
 16  13  4
 1048  13  3
 1049  13  3
 1050  13  4
 1051  13  3
 15  14  3
 16  14  2
 16  15  5
 18  17  2
 19  17  1
 19  18  4
 22  21  2
 23  21  3
 23  22  2
 25  24  4
 26  24  2
 26  25  3
 202  25  3
 203  25  1
 370  25  2
 202  26  3
 203  26  1
 370  26  3
 29  28  5
 30  28  2
 30  29  5
 32  31  1
 33  31  1
 34  31  1
 35  31  4
 55  31  4
 132  31  4
 328  31  4
 403  31  3
 841  31  5
 895  31  5
 33  32  1
 35  34  3
 52  34  1
 53  34  3
 54  34  5
 55  34  4
 132  34  2
 133  34  3
 134  34  3
 135  34  4
 191  34  5
 376  34  4
 377  34  4
 378  34  5
 465  34  2
 486  34  1
 489  34  1
 490  34  2
 508  34  3
 509  34  3
 510  34  4
 562  34  5
 563  34  4
 840  34  4
 841  34  4
 1009  34  5
 1191  34  3
 1192  34  1
 1229  34  3
 1230  34  3
 1296  34  4
 1530  34  2
 1551  34  4
 1552  34  3
 54  35  5
 55  35  5
 132  35  2
 133  35  3
 134  35  1
 135  35  4
 562  35  2
 563  35  4
 653  35  5
 655  35  1
 656  35  1
 658  35  4
 757  35  1
 761  35  4
 762  35  2
 763  35  2
 764  35  5
 840  35  2
 841  35  5
 866  35  3
 1131  35  3
 1191  35  5
 1192  35  4
 1551  35  3
 1552  35  2
 37  36  2
 38  36  4
 39  36  5
 40  36  5
 41  36  3
 38  37  4
 39  37  3
 40  37  2
 41  37  2
 39  38  5
 40  38  4
 41  38  4
 40  39  2
 41  39  3
 41  40  3
 44  43  1
 46  45  3
 47  45  2
 47  46  1
 610  46  5
 611  46  5
 612  46  5
 613  46  5
 79  47  3
 192  47  4
 193  47  4
 194  47  1
 195  47  3
 429  47  2
 597  47  3
 1362  47  2
 1363  47  1
 1364  47  3
 49  48  2
 50  48  4
 51  48  4
 50  49  4
 51  49  5
 217  49  1
 218  49  4
 219  49  3
 51  50  2
 53  52  2
 54  52  2
 55  52  2
 56  52  1
 57  52  1
 58  52  2
 59  52  2
 1009  52  1
 54  53  2
 55  53  4
 55  54  1
 133  54  2
 134  54  1
 135  54  2
 562  54  2
 563  54  1
 1025  54  2
 1026  54  1
 1316  54  1
 1469  54  2
 1470  54  1
 1471  54  2
 133  55  3
 134  55  5
 135  55  3
 489  55  3
 490  55  3
 562  55  5
 563  55  2
 840  55  4
 841  55  1
 1191  55  1
 1192  55  5
 1229  55  3
 1230  55  4
 1530  55  4
 1551  55  3
 57  56  4
 91  56  2
 185  56  4
 548  56  3
 655  56  3
 894  56  3
 935  56  5
 1462  56  1
 185  57  4
 548  57  4
 655  57  2
 894  57  1
 935  57  3
 1462  57  4
 59  58  1
 686  58  1
 61  60  4
 62  60  4
 62  61  4
 64  63  1
 65  63  2
 66  63  2
 363  63  3
 806  63  3
 807  63  2
 808  63  5
 809  63  2
 1017  63  1
 1071  63  2
 1072  63  1
 1073  63  4
 1074  63  5
 1563  63  4
 1564  63  3
 1565  63  1
 1566  63  4
 1567  63  3
 1568  63  4
 65  64  3
 66  64  2
 1563  64  2
 1564  64  2
 1565  64  1
 1566  64  3
 1567  64  3
 1568  64  1
 66  65  3
 796  65  4
 797  65  1
 798  65  5
 799  65  1
 68  67  1
 69  67  1
 69  68  3
 71  70  2
 72  70  1
 73  70  3
 98  70  2
 311  70  3
 710  70  2
 711  70  1
 758  70  2
 759  70  1
 978  70  4
 1083  70  1
 1084  70  3
 72  71  1
 73  71  1
 73  72  3
 150  72  2
 151  72  4
 152  72  5
 158  72  3
 159  72  5
 710  72  5
 737  72  5
 738  72  3
 236  73  2
 444  73  1
 710  73  2
 739  73  3
 758  73  2
 759  73  1
 978  73  2
 75  74  3
 76  74  1
 77  74  3
 76  75  1
 77  75  1
 77  76  2
 523  77  1
 1382  77  1
 1589  77  1
 79  78  1
 80  78  1
 81  78  1
 80  79  4
 81  79  2
 122  79  5
 282  79  1
 306  79  5
 307  79  2
 308  79  5
 309  79  3
 310  79  1
 371  79  5
 372  79  5
 491  79  5
 642  79  2
 647  79  3
 757  79  2
 760  79  2
 854  79  3
 1006  79  5
 1122  79  1
 1123  79  2
 1124  79  2
 1173  79  3
 1196  79  1
 1197  79  5
 1198  79  5
 81  80  3
 83  82  1
 84  82  1
 84  83  1
 564  83  2
 1499  83  1
 86  85  1
 87  85  2
 87  86  2
 89  88  2
 712  88  2
 712  89  1
 977  89  3
 992  89  4
 93  92  3
 94  92  1
 94  93  2
 96  95  2
 97  95  1
 98  95  1
 99  95  1
 100  95  5
 101  95  4
 151  95  1
 226  95  2
 709  95  5
 97  96  3
 98  96  5
 99  96  4
 98  97  3
 99  97  3
 100  97  3
 101  97  5
 151  97  2
 226  97  1
 701  97  3
 702  97  3
 703  97  2
 709  97  3
 1178  97  2
 1482  97  2
 1483  97  1
 99  98  1
 100  98  1
 101  98  1
 311  98  1
 709  98  1
 710  98  1
 711  98  1
 101  100  3
 709  100  1
 104  103  3
 105  103  5
 105  104  2
 107  106  3
 108  106  3
 108  107  2
 860  107  3
 110  109  2
 113  112  2
 115  114  5
 1163  115  1
 1164  115  1
 118  117  5
 936  118  4
 937  118  4
 938  118  1
 939  118  2
 120  119  1
 440  119  1
 442  119  2
 122  121  2
 549  122  5
 550  122  1
 551  122  5
 765  122  4
 766  122  3
 1031  122  2
 1256  122  1
 124  123  4
 125  123  5
 125  124  2
 128  127  2
 129  127  4
 771  127  2
 772  127  4
 773  127  4
 774  127  3
 129  128  4
 152  128  3
 518  128  4
 771  128  3
 772  128  3
 773  128  2
 774  128  1
 1022  128  3
 1023  128  5
 1024  128  2
 1461  128  4
 1022  129  1
 1023  129  1
 1024  129  1
 131  130  4
 204  132  1
 134  133  1
 135  133  3
 562  133  3
 563  133  2
 1229  133  1
 1230  133  3
 135  134  1
 562  134  1
 563  134  1
 562  135  1
 563  135  3
 137  136  2
 217  137  4
 224  137  3
 586  137  1
 587  137  4
 588  137  2
 730  137  2
 139  138  2
 141  140  4
 142  140  4
 143  140  2
 144  140  1
 145  140  2
 146  140  3
 147  140  2
 148  140  3
 149  140  5
 142  141  3
 143  141  5
 144  141  2
 145  141  3
 146  141  5
 147  141  2
 148  141  1
 149  141  2
 143  142  3
 144  142  2
 145  142  4
 146  142  3
 147  142  1
 148  142  5
 149  142  5
 144  143  5
 145  143  4
 146  143  1
 147  143  4
 148  143  5
 149  143  2
 145  144  5
 146  144  5
 147  144  5
 148  144  1
 149  144  1
 146  145  3
 147  145  2
 148  145  5
 149  145  5
 147  146  3
 148  146  3
 149  146  1
 148  147  3
 149  147  2
 149  148  4
 151  150  1
 152  150  1
 153  150  1
 152  151  4
 226  151  2
 282  151  2
 302  151  1
 501  151  3
 517  151  4
 518  151  3
 1178  151  1
 1179  151  3
 1222  151  1
 1343  151  3
 226  152  1
 302  152  1
 331  152  1
 332  152  1
 517  152  1
 518  152  1
 964  152  1
 965  152  1
 1089  152  1
 1461  152  1
 518  153  1
 155  154  1
 156  154  2
 157  154  1
 156  155  2
 157  155  3
 157  156  2
 159  158  1
 162  161  5
 164  163  2
 302  163  5
 317  163  5
 639  163  2
 640  163  1
 166  165  1
 168  167  1
 407  167  5
 171  170  2
 172  170  5
 172  171  3
 919  172  5
 174  173  3
 175  173  1
 175  174  4
 177  176  5
 178  176  2
 178  177  3
 927  178  1
 181  180  3
 182  180  1
 182  181  4
 184  183  3
 186  185  4
 187  185  2
 187  186  5
 1163  187  1
 1414  187  2
 1415  187  1
 1416  187  2
 189  188  2
 190  188  4
 190  189  4
 568  190  5
 651  190  2
 652  190  4
 508  191  1
 509  191  4
 510  191  3
 193  192  3
 194  192  1
 195  192  5
 194  193  3
 956  195  1
 957  195  1
 1136  195  1
 1137  195  1
 1138  195  1
 1139  195  1
 1385  195  1
 1386  195  1
 197  196  1
 198  196  4
 199  196  2
 200  196  1
 198  197  1
 199  197  1
 200  197  3
 199  198  2
 200  198  2
 200  199  2
 202  201  3
 203  201  2
 203  202  1
 302  204  2
 303  204  3
 304  204  3
 317  204  5
 318  204  5
 207  206  1
 209  208  3
 210  208  2
 1478  208  2
 1479  208  3
 210  209  1
 212  211  1
 213  211  1
 213  212  2
 215  214  1
 216  214  1
 216  215  2
 218  217  2
 219  217  3
 220  217  5
 221  217  4
 222  217  4
 223  217  4
 224  217  2
 225  217  2
 252  217  3
 253  217  1
 346  217  4
 347  217  4
 348  217  5
 517  217  4
 789  217  4
 1042  217  3
 1453  217  1
 219  218  1
 252  218  1
 253  218  1
 220  219  1
 221  219  2
 225  219  1
 252  219  2
 253  219  5
 1042  219  2
 221  220  1
 222  220  3
 223  220  4
 225  220  2
 344  220  4
 474  220  2
 698  220  2
 1146  220  4
 1283  220  3
 1284  220  3
 1395  220  2
 1396  220  1
 1397  220  3
 1398  220  2
 1561  220  4
 1562  220  2
 222  221  3
 223  221  2
 225  221  3
 223  222  1
 344  222  1
 1146  222  1
 474  223  1
 1042  225  3
 517  226  1
 518  226  1
 228  227  3
 1075  228  5
 230  229  3
 231  229  4
 232  229  5
 231  230  2
 232  230  1
 232  231  3
 235  234  1
 236  234  3
 236  235  4
 239  238  3
 241  240  1
 242  240  1
 1501  240  1
 1502  240  2
 1503  240  1
 1504  240  2
 244  243  5
 928  244  5
 1519  244  5
 1520  244  3
 1521  244  3
 246  245  5
 247  245  2
 248  245  5
 436  245  2
 514  245  3
 1231  245  3
 436  246  5
 514  246  5
 416  248  1
 1125  248  1
 1126  248  2
 250  249  1
 251  249  2
 251  250  3
 253  252  1
 346  253  3
 347  253  3
 348  253  2
 256  255  1
 257  255  1
 1001  255  1
 257  256  5
 1001  256  5
 260  259  1
 1167  259  5
 1168  259  3
 1167  260  2
 1168  260  5
 262  261  3
 264  263  4
 265  263  1
 266  263  4
 267  263  4
 268  263  2
 269  263  4
 270  263  5
 265  264  1
 266  264  3
 267  264  1
 268  264  1
 269  264  5
 270  264  5
 945  264  2
 946  264  1
 266  265  3
 267  265  3
 268  265  3
 269  265  2
 270  265  1
 267  266  1
 268  266  4
 269  266  4
 270  266  4
 308  266  3
 909  266  4
 945  266  4
 946  266  4
 268  267  2
 269  267  5
 270  267  3
 308  267  3
 909  267  5
 945  267  1
 946  267  1
 269  268  2
 270  268  1
 270  269  1
 308  269  4
 909  269  2
 945  269  2
 946  269  5
 272  271  1
 275  274  5
 276  274  5
 276  275  2
 607  276  1
 608  276  3
 609  276  2
 278  277  1
 279  277  1
 279  278  1
 402  278  2
 403  278  2
 404  278  2
 405  278  2
 406  278  1
 596  278  2
 402  279  1
 403  279  1
 404  279  1
 405  279  1
 406  279  1
 596  279  1
 281  280  1
 282  280  4
 283  280  4
 284  280  4
 285  280  1
 286  280  2
 282  281  1
 283  281  1
 284  281  5
 285  281  2
 286  281  1
 283  282  3
 284  282  3
 285  282  4
 286  282  3
 575  282  2
 576  282  3
 577  282  2
 1082  282  3
 1179  282  3
 1343  282  5
 1344  282  4
 1345  282  5
 1452  282  5
 284  283  1
 285  283  3
 286  283  3
 451  283  5
 285  284  3
 286  284  4
 575  284  2
 1452  284  2
 286  285  1
 288  287  2
 289  287  3
 290  287  2
 289  288  3
 290  289  1
 292  291  2
 293  291  2
 293  292  2
 295  294  1
 743  294  2
 744  294  4
 745  294  1
 932  294  3
 933  294  3
 1279  294  2
 1369  294  1
 1370  294  3
 743  295  3
 744  295  5
 745  295  5
 747  295  5
 861  295  2
 932  295  4
 933  295  3
 1029  295  4
 1030  295  3
 1279  295  5
 1369  295  4
 1370  295  4
 1465  295  5
 1466  295  1
 1467  295  1
 1468  295  2
 1554  295  5
 1555  295  4
 1556  295  1
 298  297  5
 299  297  1
 300  297  2
 301  297  1
 300  299  1
 301  299  5
 301  300  5
 974  301  1
 1498  301  1
 303  302  1
 304  302  1
 305  302  1
 317  302  1
 318  302  1
 464  302  1
 639  302  1
 640  302  1
 304  303  4
 305  303  1
 1183  303  4
 500  304  2
 1027  304  4
 1417  304  3
 1418  304  4
 307  306  5
 308  306  5
 309  306  1
 310  306  3
 308  307  1
 309  307  1
 309  308  1
 591  308  2
 909  308  2
 310  309  4
 1040  309  5
 1041  309  1
 1550  309  4
 372  310  2
 491  310  3
 492  310  4
 494  310  5
 313  312  1
 315  314  2
 316  314  4
 316  315  4
 1399  315  5
 318  317  5
 639  317  1
 640  317  2
 320  319  1
 422  320  3
 322  321  4
 323  321  2
 324  321  4
 325  321  2
 326  321  5
 1271  321  2
 323  322  3
 324  322  5
 1271  322  4
 324  323  1
 325  324  2
 326  324  1
 326  325  3
 328  327  3
 329  327  1
 330  327  2
 329  328  1
 330  328  3
 403  328  3
 417  328  1
 418  328  2
 597  328  2
 895  328  1
 1190  328  1
 1405  328  1
 1406  328  1
 1407  328  3
 1408  328  2
 1409  328  3
 330  329  1
 403  329  1
 417  329  1
 1190  329  1
 548  330  5
 1390  330  1
 332  331  4
 1215  331  2
 1216  331  4
 1217  331  4
 1218  331  3
 334  333  4
 335  333  2
 336  333  5
 335  334  3
 336  334  4
 336  335  2
 338  337  2
 632  338  1
 1571  338  5
 1572  338  1
 1573  338  2
 1574  338  4
 340  339  5
 341  339  4
 342  339  3
 341  340  1
 342  340  1
 342  341  3
 344  343  4
 345  343  2
 693  343  4
 345  344  4
 698  344  4
 1146  344  4
 1395  344  4
 1396  344  1
 1397  344  2
 1398  344  2
 347  346  1
 348  346  2
 348  347  2
 517  347  4
 789  347  4
 350  349  2
 351  349  2
 352  349  2
 353  349  2
 354  349  1
 351  350  4
 352  350  4
 353  350  3
 354  350  2
 352  351  1
 353  351  1
 354  351  1
 687  351  1
 353  352  1
 354  352  4
 354  353  3
 356  355  2
 357  355  3
 357  356  5
 359  358  1
 360  358  4
 361  358  2
 362  358  1
 360  359  5
 361  359  5
 362  359  4
 362  361  3
 364  363  1
 365  363  2
 366  363  1
 806  363  3
 807  363  2
 808  363  2
 1072  363  2
 1350  363  2
 1351  363  2
 1352  363  1
 1353  363  2
 366  365  5
 368  367  3
 369  367  3
 369  368  2
 372  371  4
 760  372  5
 867  372  4
 868  372  3
 374  373  4
 375  373  1
 375  374  3
 377  376  2
 378  376  1
 379  376  1
 1264  376  1
 1296  376  2
 378  377  2
 379  377  4
 1264  377  3
 1296  377  3
 379  378  3
 1264  378  5
 1296  378  1
 1348  378  4
 1349  378  1
 381  380  2
 382  380  1
 382  381  1
 384  383  1
 385  383  1
 385  384  4
 387  386  5
 388  386  4
 389  386  2
 390  386  3
 391  386  4
 392  386  2
 393  386  4
 388  387  3
 389  387  1
 390  387  3
 391  387  3
 392  387  2
 393  387  1
 389  388  4
 390  388  2
 391  388  2
 392  388  3
 393  388  3
 390  389  2
 391  389  1
 392  389  1
 393  389  1
 391  390  4
 392  390  5
 393  390  1
 392  391  1
 393  391  1
 393  392  1
 395  394  1
 396  394  2
 397  394  2
 396  395  1
 397  395  1
 397  396  2
 399  398  5
 400  398  4
 401  398  2
 400  399  1
 401  399  1
 401  400  1
 403  402  3
 404  402  1
 405  402  2
 406  402  2
 404  403  2
 405  403  2
 406  403  5
 417  403  2
 418  403  1
 895  403  2
 405  404  1
 406  404  4
 596  404  3
 406  405  2
 410  409  1
 411  409  2
 412  409  1
 413  409  2
 414  409  2
 411  410  3
 412  410  1
 413  410  2
 412  411  1
 413  411  4
 414  411  2
 413  412  1
 414  413  4
 416  415  1
 923  416  5
 1125  416  4
 1126  416  5
 1234  416  2
 1235  416  1
 597  417  4
 1405  417  4
 1406  417  1
 1407  417  4
 1408  417  3
 1409  417  3
 420  419  4
 424  423  1
 425  423  3
 425  424  4
 427  426  2
 428  426  4
 428  427  1
 430  429  5
 1362  429  1
 1363  429  2
 432  431  1
 433  431  3
 435  434  2
 438  437  2
 439  437  1
 439  438  1
 441  440  5
 442  440  1
 444  443  5
 676  444  4
 677  444  3
 739  444  1
 740  444  2
 446  445  1
 700  446  4
 448  447  3
 449  447  3
 450  447  3
 449  448  5
 450  448  5
 450  449  2
 454  453  3
 455  453  3
 456  453  3
 457  453  4
 458  453  1
 459  453  1
 460  453  2
 455  454  4
 456  454  4
 457  454  4
 458  454  4
 459  454  1
 460  454  4
 456  455  2
 457  455  1
 458  455  1
 459  455  1
 460  455  2
 457  456  4
 458  456  2
 459  456  5
 460  456  5
 458  457  1
 459  457  1
 460  457  1
 459  458  4
 460  458  1
 460  459  2
 462  461  3
 463  461  2
 464  461  3
 463  462  1
 464  462  2
 464  463  2
 639  464  3
 466  465  2
 467  465  2
 467  466  1
 469  468  3
 470  468  1
 471  468  2
 472  468  1
 470  469  1
 471  469  1
 472  469  1
 471  470  5
 472  470  5
 472  471  1
 474  473  1
 475  473  1
 985  473  1
 1092  473  2
 475  474  3
 985  474  2
 986  474  5
 1092  474  2
 1093  474  1
 477  476  2
 478  476  1
 479  476  1
 479  478  4
 941  479  1
 481  480  1
 482  480  4
 483  480  4
 482  481  2
 483  481  2
 483  482  5
 1236  482  5
 1237  482  4
 1251  482  1
 1252  482  4
 1047  483  1
 1245  483  1
 1246  483  3
 1247  483  1
 1248  483  3
 1456  483  3
 485  484  2
 488  487  1
 490  489  4
 492  491  2
 493  491  5
 494  491  2
 496  495  4
 497  495  4
 497  496  1
 781  497  5
 782  497  3
 1410  497  3
 1411  497  3
 499  498  4
 502  501  4
 503  501  1
 504  501  3
 1222  501  4
 503  502  2
 504  503  4
 507  506  3
 509  508  1
 510  508  1
 510  509  1
 513  512  1
 516  515  1
 517  515  1
 518  515  4
 517  516  4
 518  516  3
 675  516  1
 518  517  2
 675  517  2
 789  517  5
 1087  517  3
 1088  517  2
 1089  517  4
 1090  517  4
 964  518  1
 965  518  4
 1342  518  4
 1461  518  4
 520  519  1
 522  521  2
 524  523  1
 525  523  3
 526  523  1
 527  523  1
 528  523  3
 1382  523  1
 1589  523  1
 525  524  1
 526  524  3
 527  524  1
 743  524  2
 747  524  3
 1357  524  1
 526  525  1
 527  525  1
 1323  525  1
 527  526  3
 530  529  1
 532  531  3
 533  531  4
 534  531  3
 1534  531  1
 1535  531  2
 1536  531  4
 533  532  3
 534  532  3
 1534  532  2
 1535  532  2
 1536  532  4
 534  533  1
 1534  533  1
 1535  533  1
 1536  533  1
 536  535  4
 539  538  1
 540  538  5
 541  538  2
 542  538  5
 543  538  3
 690  538  2
 691  538  4
 540  539  4
 690  540  4
 691  540  2
 542  541  5
 543  541  3
 543  542  1
 546  545  3
 548  547  5
 1240  548  1
 1390  548  1
 550  549  1
 551  549  5
 551  550  5
 1031  551  4
 554  553  1
 555  553  1
 555  554  1
 558  557  2
 559  557  2
 559  558  1
 561  560  2
 563  562  1
 565  564  4
 566  564  5
 567  564  4
 566  565  1
 567  565  3
 567  566  5
 651  568  3
 652  568  2
 570  569  1
 572  571  1
 574  573  3
 576  575  4
 577  575  5
 579  578  4
 582  581  4
 583  581  4
 583  582  5
 585  584  1
 587  586  3
 588  586  1
 588  587  3
 730  588  1
 591  590  5
 592  590  5
 593  590  1
 1181  590  1
 1182  590  3
 592  591  3
 593  591  4
 1181  591  4
 1182  591  1
 593  592  1
 1181  592  1
 1182  592  3
 595  594  4
 599  598  3
 790  598  2
 791  598  1
 601  600  5
 604  603  4
 608  607  1
 609  607  4
 609  608  5
 611  610  1
 612  610  4
 613  610  4
 613  612  2
 616  615  4
 618  617  5
 620  619  3
 621  619  2
 621  620  2
 623  622  1
 625  624  5
 627  626  5
 628  626  1
 629  626  1
 628  627  4
 629  627  1
 629  628  1
 631  630  1
 632  630  1
 632  631  3
 1580  631  2
 784  632  2
 785  632  4
 1571  632  2
 1572  632  5
 1573  632  2
 1574  632  4
 1575  632  4
 1580  632  2
 634  633  1
 637  636  3
 638  636  5
 638  637  2
 640  639  3
 641  639  2
 644  643  3
 713  643  5
 714  643  1
 1430  646  2
 1431  646  1
 1432  646  1
 1433  646  1
 1434  646  1
 1435  646  2
 1436  646  2
 1437  646  2
 1438  646  2
 1439  646  2
 1440  646  1
 1441  646  1
 1442  646  1
 1443  646  1
 1444  646  1
 1445  646  2
 1446  646  1
 1447  646  2
 1448  646  1
 854  647  3
 649  648  2
 652  651  3
 654  653  3
 655  653  1
 656  653  1
 657  653  5
 658  653  3
 894  653  2
 655  654  4
 656  654  3
 656  655  1
 657  655  1
 658  655  1
 775  655  1
 864  655  1
 865  655  1
 866  655  1
 894  655  1
 1131  655  1
 657  656  2
 658  656  1
 894  656  1
 775  658  1
 1131  658  2
 660  659  1
 661  659  1
 662  659  2
 661  660  5
 662  660  4
 662  661  1
 664  663  2
 665  663  2
 666  663  2
 667  663  2
 678  663  2
 793  663  1
 794  663  2
 795  663  1
 665  664  2
 666  664  1
 667  664  2
 678  664  2
 666  665  2
 667  665  1
 667  666  1
 669  668  2
 671  670  5
 672  670  5
 722  671  1
 674  673  5
 677  676  5
 1557  677  5
 1558  677  4
 1559  677  1
 680  679  2
 681  679  3
 681  680  1
 683  682  2
 684  682  1
 685  682  2
 684  683  3
 685  683  3
 685  684  3
 691  690  4
 695  694  3
 696  694  1
 697  694  3
 698  694  3
 699  694  2
 696  695  2
 697  695  5
 698  695  5
 699  695  1
 697  696  1
 698  696  3
 699  696  2
 716  696  2
 717  696  1
 718  696  1
 719  696  2
 698  697  3
 699  697  4
 699  698  4
 1146  698  5
 1395  698  4
 1396  698  1
 1397  698  1
 1398  698  2
 702  701  1
 703  701  2
 703  702  2
 706  705  4
 707  705  2
 708  705  4
 707  706  1
 708  706  2
 708  707  4
 711  710  1
 714  713  2
 717  716  1
 718  716  1
 719  716  1
 718  717  3
 719  717  1
 719  718  1
 721  720  2
 753  720  5
 754  720  4
 1347  722  4
 1455  722  2
 725  724  2
 726  724  3
 727  724  2
 726  725  4
 727  725  4
 727  726  1
 732  731  1
 734  733  1
 735  733  2
 735  734  5
 738  737  4
 744  743  2
 745  743  1
 746  743  1
 747  743  5
 932  743  5
 933  743  5
 1279  743  3
 1357  743  4
 745  744  2
 932  744  2
 933  744  1
 1279  744  2
 1279  745  1
 1280  745  1
 1281  745  1
 1282  745  1
 1029  747  2
 1030  747  2
 1357  747  3
 749  748  3
 752  751  1
 754  753  5
 756  755  3
 758  757  2
 759  757  2
 760  757  1
 761  757  1
 762  757  2
 763  757  1
 764  757  1
 765  757  1
 766  757  1
 776  757  1
 893  757  1
 1124  757  1
 759  758  5
 978  758  4
 978  759  1
 763  762  1
 764  762  1
 765  762  1
 766  762  2
 775  762  1
 776  762  1
 777  762  1
 893  762  2
 764  763  3
 766  765  1
 776  765  2
 893  765  3
 1256  765  2
 776  766  2
 893  766  1
 1256  766  2
 768  767  2
 769  767  2
 770  767  1
 769  768  5
 770  768  2
 770  769  1
 772  771  5
 773  771  1
 774  771  2
 773  772  4
 774  772  3
 774  773  1
 776  775  5
 777  775  4
 1131  775  3
 777  776  4
 893  776  3
 779  778  4
 782  781  1
 785  784  1
 1575  784  1
 787  786  2
 788  786  4
 788  787  1
 791  790  2
 794  793  3
 795  793  3
 795  794  4
 797  796  2
 798  796  2
 799  796  1
 798  797  5
 799  797  4
 799  798  1
 801  800  3
 802  800  3
 803  800  2
 804  800  1
 805  800  3
 802  801  1
 803  801  5
 804  801  2
 805  801  2
 803  802  4
 804  802  4
 805  802  1
 804  803  1
 805  803  4
 805  804  4
 807  806  2
 808  806  1
 809  806  2
 1071  806  1
 1072  806  2
 1073  806  2
 1074  806  3
 808  807  2
 809  807  1
 1017  807  2
 1071  807  5
 1072  807  4
 1073  807  4
 1074  807  4
 809  808  4
 1071  808  1
 1072  808  1
 1073  808  3
 1074  808  1
 811  810  2
 814  813  4
 816  815  3
 817  815  3
 817  816  2
 819  818  1
 821  820  4
 1171  821  1
 823  822  1
 824  822  3
 825  822  3
 824  823  1
 825  823  5
 825  824  2
 827  826  3
 828  826  1
 829  826  3
 830  826  1
 831  826  4
 832  826  4
 833  826  3
 834  826  4
 835  826  2
 828  827  2
 829  827  2
 830  827  5
 831  827  5
 832  827  2
 833  827  1
 834  827  4
 835  827  5
 829  828  4
 830  828  5
 831  828  4
 832  828  5
 833  828  3
 834  828  4
 835  828  3
 830  829  1
 831  829  5
 832  829  2
 833  829  1
 834  829  5
 835  829  3
 831  830  5
 832  830  4
 833  830  4
 834  830  4
 835  830  2
 832  831  1
 833  831  2
 834  831  4
 835  831  2
 833  832  1
 834  832  4
 835  832  1
 834  833  3
 835  833  5
 835  834  2
 837  836  4
 838  836  2
 838  837  3
 1191  841  3
 1192  841  3
 843  842  1
 844  842  5
 844  843  1
 1274  844  5
 1275  844  5
 1276  844  1
 1277  844  1
 1537  844  5
 846  845  1
 847  845  1
 848  845  1
 847  846  1
 848  846  3
 848  847  5
 850  849  3
 852  851  3
 853  851  1
 853  852  1
 857  856  5
 858  856  2
 858  857  3
 862  861  4
 863  861  4
 1465  861  3
 1466  861  4
 1467  861  1
 1468  861  4
 863  862  3
 865  864  3
 868  867  2
 872  871  5
 873  871  2
 874  871  4
 875  871  2
 873  872  1
 874  872  5
 875  872  5
 874  873  2
 875  873  5
 1269  873  3
 875  874  2
 879  878  1
 880  878  2
 881  878  1
 882  878  2
 880  879  1
 881  879  2
 882  879  2
 881  880  2
 882  880  1
 882  881  1
 1340  883  1
 885  884  1
 886  884  1
 886  885  3
 888  887  2
 890  889  1
 891  889  4
 891  890  4
 897  896  3
 898  896  5
 899  896  2
 900  896  1
 898  897  4
 899  897  3
 900  897  1
 899  898  2
 900  898  1
 900  899  2
 902  901  5
 903  901  5
 1319  901  2
 903  902  5
 905  904  5
 906  904  5
 906  905  2
 908  907  2
 911  910  5
 912  910  3
 912  911  1
 914  913  1
 915  913  3
 916  913  5
 917  913  1
 918  913  4
 915  914  2
 916  914  1
 917  914  1
 918  914  3
 1001  914  2
 1202  914  3
 1203  914  2
 1204  914  1
 1205  914  1
 1206  914  1
 1207  914  3
 1208  914  2
 1209  914  2
 916  915  3
 917  915  1
 918  915  1
 1202  915  4
 1207  915  4
 1208  915  2
 1209  915  3
 917  916  1
 918  916  2
 1202  916  4
 1207  916  2
 1208  916  1
 1209  916  2
 918  917  3
 1001  917  3
 1202  917  1
 1203  917  3
 1204  917  3
 1205  917  3
 1206  917  3
 1207  917  1
 1208  917  1
 1209  917  3
 1257  917  1
 1258  917  1
 922  921  1
 925  924  2
 926  924  2
 926  925  3
 1519  928  1
 1520  928  1
 1521  928  1
 931  930  2
 1419  931  4
 933  932  4
 934  932  2
 1176  932  4
 1177  932  2
 1357  932  4
 1369  932  1
 1370  932  2
 1369  933  2
 1370  933  2
 937  936  1
 938  936  1
 939  936  2
 938  937  2
 939  937  2
 939  938  3
 943  942  1
 944  942  2
 944  943  1
 946  945  2
 949  948  4
 1272  948  5
 1273  948  4
 951  950  2
 953  952  1
 954  952  2
 955  952  1
 954  953  1
 955  953  1
 955  954  5
 957  956  1
 1136  957  3
 1137  957  2
 1138  957  3
 1139  957  2
 959  958  2
 960  958  2
 960  959  2
 962  961  3
 963  961  2
 963  962  1
 965  964  1
 967  966  4
 968  966  5
 969  966  1
 970  966  4
 971  966  5
 968  967  2
 969  967  5
 970  967  3
 971  967  2
 969  968  2
 970  968  1
 971  968  2
 970  969  3
 971  969  4
 971  970  5
 974  973  1
 990  974  4
 1003  974  3
 1004  974  4
 1005  974  4
 976  975  4
 977  975  3
 977  976  3
 1130  977  3
 980  979  2
 982  981  4
 983  981  4
 983  982  4
 985  984  2
 986  984  1
 987  984  1
 986  985  3
 987  985  1
 1092  985  2
 1093  985  2
 1093  986  1
 989  988  5
 994  993  1
 996  995  3
 997  995  1
 998  995  3
 999  995  1
 997  996  1
 998  996  4
 999  996  2
 998  997  3
 999  997  1
 999  998  3
 1001  1000  2
 1202  1001  2
 1203  1001  1
 1204  1001  1
 1205  1001  1
 1206  1001  1
 1505  1001  2
 1515  1001  2
 1004  1003  2
 1005  1003  1
 1005  1004  3
 1008  1007  4
 1011  1010  1
 1046  1011  4
 1013  1012  2
 1015  1014  1
 1072  1017  1
 1019  1018  1
 1307  1018  1
 1308  1018  1
 1309  1018  1
 1310  1018  1
 1304  1019  1
 1305  1019  1
 1306  1019  2
 1307  1019  3
 1308  1019  3
 1309  1019  2
 1310  1019  1
 1023  1022  5
 1024  1022  5
 1024  1023  2
 1026  1025  1
 1028  1027  1
 1417  1027  1
 1418  1027  5
 1030  1029  3
 1033  1032  2
 1035  1034  3
 1037  1036  4
 1038  1036  4
 1039  1036  2
 1039  1038  3
 1041  1040  4
 1044  1043  2
 1045  1043  2
 1045  1044  1
 1049  1048  1
 1050  1048  1
 1051  1048  2
 1050  1049  4
 1051  1049  4
 1051  1050  5
 1054  1053  1
 1056  1055  1
 1057  1055  1
 1058  1055  3
 1059  1055  3
 1058  1057  2
 1059  1057  1
 1059  1058  4
 1062  1061  5
 1063  1061  4
 1064  1061  3
 1065  1061  3
 1066  1061  2
 1067  1061  2
 1068  1061  2
 1069  1061  4
 1070  1061  5
 1413  1061  5
 1063  1062  3
 1064  1062  1
 1065  1062  1
 1066  1062  3
 1067  1062  4
 1068  1062  4
 1069  1062  5
 1070  1062  2
 1064  1063  1
 1065  1063  1
 1066  1063  1
 1067  1063  1
 1068  1063  1
 1069  1063  1
 1070  1063  1
 1065  1064  5
 1066  1064  4
 1067  1064  5
 1068  1064  4
 1069  1064  3
 1070  1064  5
 1066  1065  4
 1067  1065  3
 1068  1065  1
 1069  1065  2
 1070  1065  4
 1067  1066  2
 1068  1066  2
 1069  1066  2
 1070  1066  2
 1068  1067  3
 1069  1067  1
 1070  1067  4
 1069  1068  3
 1070  1068  2
 1070  1069  1
 1072  1071  4
 1073  1071  4
 1074  1071  3
 1073  1072  3
 1074  1072  1
 1074  1073  2
 1080  1079  1
 1084  1083  2
 1088  1087  1
 1089  1088  3
 1090  1088  4
 1095  1094  4
 1096  1094  1
 1097  1094  3
 1096  1095  1
 1097  1095  2
 1097  1096  4
 1099  1098  2
 1100  1098  1
 1100  1099  1
 1103  1102  1
 1104  1102  1
 1104  1103  1
 1107  1106  5
 1108  1106  1
 1109  1106  2
 1110  1106  1
 1111  1106  2
 1112  1106  1
 1113  1106  3
 1114  1106  5
 1108  1107  4
 1109  1107  1
 1110  1107  2
 1111  1107  5
 1112  1107  1
 1113  1107  3
 1114  1107  4
 1109  1108  1
 1110  1108  4
 1111  1108  4
 1112  1108  3
 1113  1108  3
 1114  1108  3
 1358  1108  1
 1359  1108  1
 1412  1108  4
 1110  1109  2
 1111  1109  5
 1112  1109  5
 1113  1109  5
 1114  1109  4
 1111  1110  1
 1112  1110  2
 1113  1110  2
 1114  1110  3
 1112  1111  4
 1113  1111  4
 1114  1111  1
 1113  1112  3
 1114  1112  3
 1114  1113  5
 1116  1115  2
 1118  1117  2
 1119  1117  3
 1120  1117  3
 1121  1117  3
 1119  1118  1
 1120  1118  1
 1121  1118  2
 1120  1119  5
 1121  1119  4
 1121  1120  1
 1516  1121  2
 1517  1121  2
 1518  1121  2
 1123  1122  3
 1126  1125  4
 1129  1128  1
 1133  1132  1
 1135  1134  2
 1137  1136  3
 1138  1136  1
 1139  1136  4
 1138  1137  2
 1141  1140  3
 1143  1142  3
 1489  1143  5
 1490  1143  2
 1283  1146  3
 1284  1146  2
 1395  1146  3
 1396  1146  1
 1397  1146  1
 1398  1146  2
 1561  1146  2
 1562  1146  3
 1148  1147  5
 1149  1147  2
 1150  1147  1
 1151  1147  1
 1149  1148  1
 1150  1148  2
 1151  1148  1
 1150  1149  1
 1151  1149  1
 1151  1150  1
 1154  1153  2
 1155  1153  1
 1156  1153  2
 1157  1153  2
 1158  1153  2
 1159  1153  1
 1160  1153  1
 1161  1153  2
 1155  1154  5
 1156  1154  4
 1157  1154  3
 1158  1154  4
 1159  1154  2
 1160  1154  5
 1161  1154  4
 1156  1155  3
 1157  1155  2
 1158  1155  5
 1159  1155  5
 1160  1155  4
 1161  1155  2
 1157  1156  2
 1158  1156  4
 1159  1156  1
 1160  1156  2
 1161  1156  4
 1158  1157  2
 1159  1157  1
 1160  1157  5
 1161  1157  5
 1159  1158  1
 1160  1158  5
 1161  1158  2
 1160  1159  5
 1161  1159  2
 1161  1160  3
 1164  1163  1
 1414  1163  1
 1415  1163  4
 1416  1163  3
 1166  1165  1
 1168  1167  1
 1170  1169  3
 1177  1176  2
 1343  1179  2
 1182  1181  3
 1186  1185  3
 1187  1185  2
 1187  1186  3
 1192  1191  1
 1195  1194  5
 1197  1196  1
 1198  1196  1
 1198  1197  3
 1200  1199  2
 1201  1199  1
 1201  1200  3
 1203  1202  2
 1204  1202  3
 1205  1202  3
 1206  1202  1
 1207  1202  1
 1208  1202  1
 1209  1202  3
 1257  1202  2
 1258  1202  3
 1204  1203  3
 1205  1203  5
 1206  1203  5
 1205  1204  3
 1206  1204  5
 1206  1205  3
 1208  1207  4
 1209  1207  1
 1209  1208  3
 1211  1210  4
 1212  1210  1
 1213  1210  3
 1212  1211  5
 1213  1211  4
 1213  1212  1
 1216  1215  4
 1217  1215  2
 1218  1215  4
 1217  1216  1
 1218  1216  3
 1218  1217  1
 1220  1219  2
 1224  1223  2
 1225  1223  3
 1225  1224  5
 1227  1226  1
 1228  1226  1
 1346  1226  1
 1230  1229  5
 1233  1232  1
 1235  1234  5
 1237  1236  1
 1239  1238  1
 1242  1241  1
 1244  1243  1
 1246  1245  4
 1247  1245  4
 1248  1245  5
 1247  1246  5
 1248  1246  2
 1248  1247  1
 1250  1249  1
 1252  1251  4
 1254  1253  2
 1255  1253  1
 1255  1254  5
 1258  1257  1
 1260  1259  5
 1262  1261  1
 1263  1261  1
 1263  1262  1
 1266  1265  3
 1267  1265  2
 1268  1265  3
 1267  1266  1
 1268  1266  2
 1268  1267  3
 1273  1272  1
 1275  1274  4
 1276  1274  3
 1277  1274  1
 1276  1275  1
 1277  1275  3
 1277  1276  4
 1281  1280  2
 1282  1280  3
 1282  1281  1
 1284  1283  5
 1288  1287  4
 1289  1287  3
 1290  1287  4
 1291  1287  3
 1365  1287  5
 1366  1287  2
 1367  1287  3
 1368  1287  4
 1289  1288  2
 1290  1288  3
 1291  1288  5
 1290  1289  2
 1291  1289  4
 1291  1290  5
 1294  1293  3
 1295  1293  1
 1295  1294  3
 1378  1295  5
 1379  1295  3
 1300  1299  3
 1305  1304  1
 1308  1307  2
 1309  1307  5
 1310  1307  5
 1309  1308  1
 1310  1308  1
 1310  1309  4
 1312  1311  3
 1314  1313  3
 1315  1313  4
 1316  1313  3
 1317  1313  5
 1315  1314  2
 1316  1314  1
 1317  1314  1
 1316  1315  3
 1317  1315  2
 1317  1316  3
 1469  1316  2
 1470  1316  3
 1471  1316  3
 1322  1321  4
 1325  1324  4
 1326  1324  2
 1326  1325  1
 1328  1327  1
 1330  1329  4
 1333  1332  3
 1334  1332  4
 1334  1333  4
 1337  1336  2
 1338  1336  2
 1339  1336  1
 1338  1337  5
 1339  1337  2
 1420  1337  3
 1339  1338  1
 1345  1344  1
 1349  1348  5
 1351  1350  1
 1352  1350  4
 1353  1350  3
 1352  1351  3
 1353  1351  1
 1353  1352  1
 1356  1355  1
 1358  1357  3
 1359  1357  3
 1360  1357  1
 1359  1358  3
 1412  1358  1
 1412  1359  2
 1454  1361  3
 1363  1362  4
 1366  1365  5
 1367  1365  1
 1368  1365  2
 1367  1366  2
 1368  1366  2
 1368  1367  3
 1370  1369  2
 1372  1371  1
 1374  1373  3
 1376  1375  1
 1377  1375  3
 1377  1376  3
 1379  1378  1
 1386  1385  3
 1388  1387  2
 1392  1391  1
 1393  1391  1
 1393  1392  4
 1396  1395  1
 1397  1395  1
 1398  1395  1
 1397  1396  2
 1398  1396  2
 1398  1397  1
 1401  1400  3
 1402  1400  2
 1403  1400  2
 1404  1400  1
 1402  1401  1
 1403  1401  1
 1404  1401  2
 1403  1402  3
 1404  1402  2
 1404  1403  3
 1406  1405  1
 1407  1405  5
 1408  1405  1
 1409  1405  4
 1407  1406  1
 1408  1406  1
 1409  1406  1
 1408  1407  1
 1409  1407  1
 1409  1408  2
 1411  1410  4
 1415  1414  4
 1416  1414  1
 1416  1415  3
 1418  1417  1
 1422  1421  4
 1423  1421  2
 1424  1421  2
 1423  1422  2
 1424  1422  2
 1424  1423  4
 1426  1425  5
 1428  1427  1
 1429  1427  2
 1429  1428  1
 1431  1430  1
 1432  1430  1
 1433  1430  5
 1434  1430  4
 1435  1430  4
 1436  1430  4
 1437  1430  1
 1438  1430  4
 1439  1430  5
 1440  1430  2
 1441  1430  2
 1442  1430  2
 1443  1430  2
 1444  1430  2
 1445  1430  5
 1446  1430  2
 1447  1430  4
 1448  1430  2
 1449  1430  4
 1432  1431  3
 1433  1431  3
 1434  1431  2
 1435  1431  2
 1436  1431  1
 1437  1431  2
 1438  1431  5
 1439  1431  1
 1440  1431  1
 1441  1431  4
 1442  1431  5
 1443  1431  5
 1444  1431  1
 1445  1431  1
 1446  1431  3
 1447  1431  2
 1448  1431  1
 1449  1431  1
 1433  1432  5
 1434  1432  5
 1435  1432  3
 1436  1432  2
 1437  1432  3
 1438  1432  1
 1439  1432  1
 1440  1432  4
 1441  1432  5
 1442  1432  2
 1443  1432  1
 1444  1432  3
 1445  1432  5
 1446  1432  3
 1447  1432  4
 1448  1432  5
 1449  1432  3
 1434  1433  1
 1435  1433  4
 1436  1433  1
 1437  1433  2
 1438  1433  1
 1439  1433  3
 1440  1433  2
 1441  1433  2
 1442  1433  2
 1443  1433  5
 1444  1433  3
 1445  1433  5
 1446  1433  4
 1447  1433  2
 1448  1433  3
 1435  1434  4
 1436  1434  1
 1437  1434  4
 1438  1434  1
 1439  1434  4
 1440  1434  3
 1441  1434  3
 1442  1434  3
 1443  1434  3
 1444  1434  3
 1445  1434  1
 1446  1434  1
 1447  1434  2
 1448  1434  4
 1436  1435  1
 1437  1435  2
 1438  1435  2
 1439  1435  1
 1440  1435  2
 1441  1435  1
 1442  1435  1
 1443  1435  2
 1444  1435  1
 1445  1435  2
 1446  1435  2
 1447  1435  1
 1448  1435  2
 1437  1436  3
 1438  1436  5
 1439  1436  5
 1440  1436  3
 1441  1436  3
 1442  1436  3
 1443  1436  3
 1444  1436  5
 1445  1436  1
 1446  1436  3
 1447  1436  3
 1448  1436  5
 1438  1437  4
 1439  1437  3
 1440  1437  2
 1441  1437  2
 1442  1437  2
 1443  1437  3
 1444  1437  2
 1445  1437  3
 1446  1437  3
 1447  1437  4
 1448  1437  2
 1439  1438  4
 1440  1438  2
 1441  1438  4
 1442  1438  2
 1443  1438  2
 1444  1438  1
 1445  1438  4
 1446  1438  1
 1447  1438  4
 1448  1438  1
 1440  1439  5
 1441  1439  2
 1442  1439  2
 1443  1439  5
 1444  1439  1
 1445  1439  3
 1446  1439  2
 1447  1439  5
 1448  1439  1
 1441  1440  1
 1442  1440  2
 1443  1440  3
 1444  1440  2
 1445  1440  3
 1446  1440  3
 1447  1440  2
 1448  1440  1
 1442  1441  4
 1443  1441  3
 1444  1441  2
 1445  1441  5
 1446  1441  1
 1447  1441  1
 1448  1441  1
 1443  1442  2
 1444  1442  2
 1445  1442  1
 1446  1442  3
 1447  1442  3
 1448  1442  3
 1444  1443  3
 1445  1443  4
 1446  1443  5
 1447  1443  5
 1448  1443  5
 1445  1444  2
 1446  1444  3
 1447  1444  2
 1448  1444  1
 1446  1445  1
 1447  1445  1
 1448  1445  1
 1447  1446  5
 1448  1446  3
 1448  1447  2
 1451  1450  2
 1458  1457  1
 1459  1457  2
 1460  1457  1
 1459  1458  5
 1460  1458  4
 1460  1459  5
 1466  1465  2
 1467  1465  2
 1468  1465  1
 1467  1466  4
 1468  1466  4
 1468  1467  2
 1470  1469  1
 1471  1469  1
 1471  1470  1
 1473  1472  1
 1474  1472  3
 1474  1473  4
 1476  1475  3
 1477  1475  3
 1477  1476  1
 1479  1478  1
 1481  1480  1
 1483  1482  1
 1485  1484  1
 1486  1484  1
 1486  1485  3
 1488  1487  4
 1490  1489  2
 1493  1492  3
 1494  1492  1
 1541  1492  1
 1542  1492  2
 1543  1492  2
 1495  1494  1
 1541  1494  1
 1542  1494  2
 1543  1494  3
 1497  1496  4
 1502  1501  1
 1503  1501  1
 1504  1501  1
 1503  1502  4
 1504  1502  4
 1504  1503  3
 1506  1505  2
 1507  1505  1
 1508  1505  2
 1509  1505  2
 1510  1505  2
 1515  1505  2
 1507  1506  2
 1508  1506  4
 1509  1506  4
 1510  1506  5
 1508  1507  3
 1509  1507  5
 1510  1507  4
 1509  1508  1
 1510  1508  5
 1510  1509  1
 1513  1512  5
 1514  1512  1
 1514  1513  2
 1517  1516  1
 1518  1516  1
 1518  1517  1
 1520  1519  1
 1521  1519  1
 1521  1520  2
 1524  1523  5
 1527  1526  3
 1532  1531  4
 1535  1534  3
 1536  1534  5
 1536  1535  1
 1539  1538  2
 1540  1538  2
 1540  1539  5
 1542  1541  3
 1543  1541  1
 1543  1542  1
 1545  1544  1
 1547  1546  1
 1548  1546  1
 1549  1546  1
 1548  1547  2
 1549  1547  3
 1549  1548  1
 1552  1551  3
 1555  1554  2
 1556  1554  1
 1556  1555  1
 1558  1557  5
 1559  1557  3
 1559  1558  2
 1562  1561  4
 1564  1563  2
 1565  1563  3
 1566  1563  3
 1567  1563  1
 1568  1563  2
 1565  1564  4
 1566  1564  2
 1567  1564  4
 1568  1564  3
 1566  1565  2
 1567  1565  1
 1568  1565  1
 1567  1566  1
 1568  1566  2
 1568  1567  1
 1570  1569  1
 1572  1571  2
 1573  1571  4
 1574  1571  2
 1573  1572  1
 1574  1572  1
 1574  1573  3
 1577  1576  3
 1578  1576  4
 1579  1576  2
 1578  1577  3
 1579  1577  5
 1579  1578  3
 1582  1581  5
 1585  1584  4
 1587  1586  4
 1588  1586  5
